Multiple size <= 100
TEST 1 ARG:84 12 44 18 9 75 24 53 41 37 26 82 68 5 16 83 62 88 87 89 50 10 86 94 6 81 59 29 51 2 19 92 80 11 45 65 42 58 96 95 64 47 57 49 54 35 13 23 61 20 17 25 1 48 3 63 33 43 38 93 8 72 39 73 21 30 66 14 85 74 34 4 32 91 22 78 77 97 55 27 90 36 98 60 40 15 0 70 71 69 52 7 99 76 79 28 31 46 56 67
TEST 1 ARG:84 12 44 18 9 75 24 53 41 37 26 82 68 5 16 83 62 88 87 89 50 10 86 94 6 81 59 29 51 2 19 92 80 11 45 65 42 58 96 95 64 47 57 49 54 35 13 23 61 20 17 25 1 48 3 63 33 43 38 93 8 72 39 73 21 30 66 14 85 74 34 4 32 91 22 78 77 97 55 27 90 36 98 60 40 15 0 70 71 69 52 7 99 76 79 28 31 46 56 67
TEST 2 ARG:95 48 67 66 60 16 30 64 93 91 21 29 17 98 51 18 43 62 71 37 23 63 14 81 72 75 79 76 69 7 74 3 39 0 22 85 70 13 28 12 8 52 36 19 27 83 35 61 84 42 80 77 57 50 90 10 44 9 68 59 99 87 49 32 53 40 94 82 47 2 25 54 88 96 38 6 73 92 58 20 5 41 11 4 15 97 31 33 34 65 26 56 45 86 55 46 78 24 1 89
TEST 2 ARG:95 48 67 66 60 16 30 64 93 91 21 29 17 98 51 18 43 62 71 37 23 63 14 81 72 75 79 76 69 7 74 3 39 0 22 85 70 13 28 12 8 52 36 19 27 83 35 61 84 42 80 77 57 50 90 10 44 9 68 59 99 87 49 32 53 40 94 82 47 2 25 54 88 96 38 6 73 92 58 20 5 41 11 4 15 97 31 33 34 65 26 56 45 86 55 46 78 24 1 89
TEST 3 ARG:53 94 36 65 67 73 45 28 30 69 87 11 21 48 24 37 0 14 60 96 85 15 77 23 5 44 8 12 68 3 89 9 41 78 18 39 4 17 70 66 71 26 61 20 98 93 57 79 33 31 91 50 43 34 16 76 42 35 64 1 51 59 88 40 55 38 6 25 54 74 52 29 56 32 27 81 92 63 90 58 97 46 72 47 83 10 49 86 82 13 80 2 99 75 19 95 7 22 84 62
TEST 3 ARG:53 94 36 65 67 73 45 28 30 69 87 11 21 48 24 37 0 14 60 96 85 15 77 23 5 44 8 12 68 3 89 9 41 78 18 39 4 17 70 66 71 26 61 20 98 93 57 79 33 31 91 50 43 34 16 76 42 35 64 1 51 59 88 40 55 38 6 25 54 74 52 29 56 32 27 81 92 63 90 58 97 46 72 47 83 10 49 86 82 13 80 2 99 75 19 95 7 22 84 62
TEST 4 ARG:59 36 6 70 88 8 48 76 12 65 38 26 73 90 52 24 20 41 85 29 67 98 34 78 18 51 35 11 87 37 9 62 28 31 86 32 33 89 68 58 14 44 25 55 71 99 7 5 0 61 54 69 75 40 94 83 63 92 43 53 23 82 4 3 80 64 27 84 45 95 13 79 72 81 1 74 2 46 50 66 16 19 57 49 93 10 91 47 22 56 60 39 17 15 97 77 96 21 42 30
TEST 4 ARG:59 36 6 70 88 8 48 76 12 65 38 26 73 90 52 24 20 41 85 29 67 98 34 78 18 51 35 11 87 37 9 62 28 31 86 32 33 89 68 58 14 44 25 55 71 99 7 5 0 61 54 69 75 40 94 83 63 92 43 53 23 82 4 3 80 64 27 84 45 95 13 79 72 81 1 74 2 46 50 66 16 19 57 49 93 10 91 47 22 56 60 39 17 15 97 77 96 21 42 30
TEST 5 ARG:14 70 49 41 89 33 16 32 26 67 36 27 9 79 20 77 34 15 54 52 38 96 44 57 63 72 76 2 73 43 46 17 13 8 4 21 86 83 47 0 91 80 88 12 22 60 37 24 58 5 62 28 84 6 59 29 85 30 48 82 97 35 53 75 51 50 95 94 74 98 68 90 64 93 87 18 99 56 19 78 11 61 66 1 55 81 71 39 31 10 3 23 25 92 40 69 42 65 7 45
TEST 5 ARG:14 70 49 41 89 33 16 32 26 67 36 27 9 79 20 77 34 15 54 52 38 96 44 57 63 72 76 2 73 43 46 17 13 8 4 21 86 83 47 0 91 80 88 12 22 60 37 24 58 5 62 28 84 6 59 29 85 30 48 82 97 35 53 75 51 50 95 94 74 98 68 90 64 93 87 18 99 56 19 78 11 61 66 1 55 81 71 39 31 10 3 23 25 92 40 69 42 65 7 45
TEST 6 ARG:37 9 41 92 82 44 45 54 30 77 93 34 70 22 21 19 42 2 71 25 75 52 38 68 95 86 36 18 43 46 98 17 88 12 90 32 59 89 79 26 48 55 24 50 64 6 65 14 66 47 84 8 51 15 5 83 33 31 49 96 99 4 80 81 67 63 53 35 13 40 0 91 85 3 16 1 57 28 97 39 87 11 94 78 60 10 7 29 74 72 62 61 58 73 20 56 69 27 76 23
TEST 6 ARG:37 9 41 92 82 44 45 54 30 77 93 34 70 22 21 19 42 2 71 25 75 52 38 68 95 86 36 18 43 46 98 17 88 12 90 32 59 89 79 26 48 55 24 50 64 6 65 14 66 47 84 8 51 15 5 83 33 31 49 96 99 4 80 81 67 63 53 35 13 40 0 91 85 3 16 1 57 28 97 39 87 11 94 78 60 10 7 29 74 72 62 61 58 73 20 56 69 27 76 23
TEST 7 ARG:69 4 84 29 95 55 61 86 81 14 79 41 5 15 66 12 93 46 3 88 53 34 27 94 32 36 31 28 2 39 51 52 48 10 74 30 26 80 59 49 97 40 58 54 33 72 57 90 13 89 50 73 16 6 37 83 62 60 23 67 20 75 21 68 0 91 92 70 9 25 7 63 22 24 76 96 71 98 47 85 18 44 11 56 65 64 99 38 19 1 82 78 77 43 45 35 87 17 8 42
TEST 7 ARG:69 4 84 29 95 55 61 86 81 14 79 41 5 15 66 12 93 46 3 88 53 34 27 94 32 36 31 28 2 39 51 52 48 10 74 30 26 80 59 49 97 40 58 54 33 72 57 90 13 89 50 73 16 6 37 83 62 60 23 67 20 75 21 68 0 91 92 70 9 25 7 63 22 24 76 96 71 98 47 85 18 44 11 56 65 64 99 38 19 1 82 78 77 43 45 35 87 17 8 42
TEST 8 ARG:88 45 49 20 43 9 66 51 29 42 69 35 24 68 0 34 4 75 60 64 67 74 91 63 27 72 11 83 52 38 99 87 41 57 85 93 61 48 79 81 65 56 50 36 30 53 1 55 62 32 80 13 47 82 17 84 46 97 19 98 16 73 3 89 18 25 77 14 94 28 31 39 58 26 96 92 2 23 22 95 8 54 71 86 21 76 7 78 40 33 44 5 12 15 6 59 37 70 10 90
TEST 8 ARG:88 45 49 20 43 9 66 51 29 42 69 35 24 68 0 34 4 75 60 64 67 74 91 63 27 72 11 83 52 38 99 87 41 57 85 93 61 48 79 81 65 56 50 36 30 53 1 55 62 32 80 13 47 82 17 84 46 97 19 98 16 73 3 89 18 25 77 14 94 28 31 39 58 26 96 92 2 23 22 95 8 54 71 86 21 76 7 78 40 33 44 5 12 15 6 59 37 70 10 90
TEST 9 ARG:91 32 9 33 90 26 78 79 27 74 58 92 47 11 80 35 60 2 29 85 89 22 5 51 62 30 87 18 44 13 75 77 34 41 54 52 37 57 67 82 59 66 16 48 42 53 0 10 20 55 97 63 19 31 71 76 21 50 45 1 70 17 93 98 14 65 36 84 43 46 40 96 64 88 94 61 95 73 4 3 39 6 7 28 86 38 25 8 69 56 24 49 15 99 72 68 23 83 12 81
TEST 9 ARG:91 32 9 33 90 26 78 79 27 74 58 92 47 11 80 35 60 2 29 85 89 22 5 51 62 30 87 18 44 13 75 77 34 41 54 52 37 57 67 82 59 66 16 48 42 53 0 10 20 55 97 63 19 31 71 76 21 50 45 1 70 17 93 98 14 65 36 84 43 46 40 96 64 88 94 61 95 73 4 3 39 6 7 28 86 38 25 8 69 56 24 49 15 99 72 68 23 83 12 81
TEST 10 ARG:18 45 93 21 92 51 70 98 15 9 42 65 32 71 66 38 64 97 82 86 25 88 24 23 17 56 13 68 91 58 3 29 49 87 31 7 34 22 89 59 85 28 78 52 46 73 83 63 77 75 8 54 81 19 69 99 16 33 5 60 30 6 94 40 76 48 90 47 0 27 36 26 43 55 37 4 10 41 74 53 80 20 84 11 67 1 14 57 2 50 96 72 62 79 95 35 61 39 44 12
TEST 10 ARG:18 45 93 21 92 51 70 98 15 9 42 65 32 71 66 38 64 97 82 86 25 88 24 23 17 56 13 68 91 58 3 29 49 87 31 7 34 22 89 59 85 28 78 52 46 73 83 63 77 75 8 54 81 19 69 99 16 33 5 60 30 6 94 40 76 48 90 47 0 27 36 26 43 55 37 4 10 41 74 53 80 20 84 11 67 1 14 57 2 50 96 72 62 79 95 35 61 39 44 12
TEST 11 ARG:30 23 17 8 46 83 65 70 6 2 81 55 5 97 96 76 45 85 93 89 24 3 57 73 87 28 72 4 53 92 84 13 75 35 22 47 20 38 40 99 25 36 27 77 58 16 21 1 80 54 61 39 7 26 33 49 52 91 19 67 66 82 71 64 51 31 43 63 74 14 60 34 69 68 11 37 98 78 29 41 48 50 0 90 79 95 59 62 18 88 12 56 15 9 94 42 10 32 86 44
TEST 11 ARG:30 23 17 8 46 83 65 70 6 2 81 55 5 97 96 76 45 85 93 89 24 3 57 73 87 28 72 4 53 92 84 13 75 35 22 47 20 38 40 99 25 36 27 77 58 16 21 1 80 54 61 39 7 26 33 49 52 91 19 67 66 82 71 64 51 31 43 63 74 14 60 34 69 68 11 37 98 78 29 41 48 50 0 90 79 95 59 62 18 88 12 56 15 9 94 42 10 32 86 44
TEST 12 ARG:94 5 47 45 60 92 19 9 84 49 26 88 53 56 69 36 54 40 66 17 28 31 14 4 48 85 29 30 72 91 24 27 64 70 41 50 33 87 82 11 43 16 67 89 23 0 2 78 76 1 51 57 52 98 58 34 21 96 68 32 55 15 13 75 79 65 61 86 3 37 59 77 35 42 10 46 95 20 25 44 12 63 99 73 71 38 6 8 93 74 18 80 83 7 97 39 90 22 62 81
TEST 12 ARG:94 5 47 45 60 92 19 9 84 49 26 88 53 56 69 36 54 40 66 17 28 31 14 4 48 85 29 30 72 91 24 27 64 70 41 50 33 87 82 11 43 16 67 89 23 0 2 78 76 1 51 57 52 98 58 34 21 96 68 32 55 15 13 75 79 65 61 86 3 37 59 77 35 42 10 46 95 20 25 44 12 63 99 73 71 38 6 8 93 74 18 80 83 7 97 39 90 22 62 81
TEST 13 ARG:24 44 46 23 28 86 72 92 76 7 6 47 54 87 71 57 64 90 77 38 91 51 42 29 74 40 13 58 34 18 68 9 25 61 78 35 48 80 75 62 52 30 11 69 89 8 85 63 70 83 21 27 93 96 88 73 12 14 95 55 17 67 81 79 98 2 53 4 0 36 99 1 10 41 37 97 45 82 16 19 32 84 59 31 5 56 49 39 33 50 65 22 3 43 15 26 20 94 66 60
TEST 13 ARG:24 44 46 23 28 86 72 92 76 7 6 47 54 87 71 57 64 90 77 38 91 51 42 29 74 40 13 58 34 18 68 9 25 61 78 35 48 80 75 62 52 30 11 69 89 8 85 63 70 83 21 27 93 96 88 73 12 14 95 55 17 67 81 79 98 2 53 4 0 36 99 1 10 41 37 97 45 82 16 19 32 84 59 31 5 56 49 39 33 50 65 22 3 43 15 26 20 94 66 60
TEST 14 ARG:77 17 84 79 75 50 82 9 59 4 46 40 1 44 15 26 99 28 21 8 78 51 47 61 64 16 74 23 38 27 12 7 11 32 86 3 14 87 41 2 33 69 66 48 53 29 60 92 71 10 20 24 19 97 25 18 13 6 93 52 49 5 85 36 58 31 88 45 63 39 42 94 65 55 76 37 56 96 34 57 62 81 0 90 70 91 80 98 68 73 72 22 67 95 83 54 89 43 30 35
TEST 14 ARG:77 17 84 79 75 50 82 9 59 4 46 40 1 44 15 26 99 28 21 8 78 51 47 61 64 16 74 23 38 27 12 7 11 32 86 3 14 87 41 2 33 69 66 48 53 29 60 92 71 10 20 24 19 97 25 18 13 6 93 52 49 5 85 36 58 31 88 45 63 39 42 94 65 55 76 37 56 96 34 57 62 81 0 90 70 91 80 98 68 73 72 22 67 95 83 54 89 43 30 35
TEST 15 ARG:17 69 37 81 96 35 91 89 45 68 90 61 85 78 33 40 39 20 65 2 83 12 54 14 58 13 7 4 21 75 62 48 41 8 30 36 52 92 47 1 27 22 84 9 49 64 31 32 79 76 93 94 98 10 97 5 11 25 51 34 24 73 29 67 57 95 15 38 16 59 18 72 87 70 66 55 28 74 80 0 23 3 26 82 19 42 60 77 44 46 50 56 43 88 53 71 99 6 63 86
TEST 15 ARG:17 69 37 81 96 35 91 89 45 68 90 61 85 78 33 40 39 20 65 2 83 12 54 14 58 13 7 4 21 75 62 48 41 8 30 36 52 92 47 1 27 22 84 9 49 64 31 32 79 76 93 94 98 10 97 5 11 25 51 34 24 73 29 67 57 95 15 38 16 59 18 72 87 70 66 55 28 74 80 0 23 3 26 82 19 42 60 77 44 46 50 56 43 88 53 71 99 6 63 86
TEST 16 ARG:35 57 59 62 69 65 51 92 49 77 56 70 6 13 40 47 41 50 15 91 90 84 19 86 67 74 17 78 18 3 73 83 21 46 97 33 37 54 10 63 55 20 29 11 81 34 48 76 94 82 95 0 45 58 30 7 2 68 93 98 5 24 71 61 85 1 36 89 87 14 66 22 72 60 53 25 44 31 32 38 16 42 80 8 23 52 64 43 88 4 27 39 26 28 12 99 75 9 96 79
TEST 16 ARG:35 57 59 62 69 65 51 92 49 77 56 70 6 13 40 47 41 50 15 91 90 84 19 86 67 74 17 78 18 3 73 83 21 46 97 33 37 54 10 63 55 20 29 11 81 34 48 76 94 82 95 0 45 58 30 7 2 68 93 98 5 24 71 61 85 1 36 89 87 14 66 22 72 60 53 25 44 31 32 38 16 42 80 8 23 52 64 43 88 4 27 39 26 28 12 99 75 9 96 79
TEST 17 ARG:15 10 97 67 34 87 37 22 62 41 12 75 69 65 32 68 11 91 3 86 57 4 90 6 98 84 58 35 53 64 39 44 99 5 1 94 23 21 49 8 72 13 85 24 20 74 43 83 56 50 89 59 38 54 60 31 66 93 71 81 7 26 55 47 78 51 33 30 48 63 61 80 16 45 27 96 40 18 95 92 70 88 76 25 77 73 29 2 82 17 52 79 14 19 36 0 42 9 46 28
TEST 17 ARG:15 10 97 67 34 87 37 22 62 41 12 75 69 65 32 68 11 91 3 86 57 4 90 6 98 84 58 35 53 64 39 44 99 5 1 94 23 21 49 8 72 13 85 24 20 74 43 83 56 50 89 59 38 54 60 31 66 93 71 81 7 26 55 47 78 51 33 30 48 63 61 80 16 45 27 96 40 18 95 92 70 88 76 25 77 73 29 2 82 17 52 79 14 19 36 0 42 9 46 28
TEST 18 ARG:58 82 89 57 42 48 66 91 55 3 63 0 74 25 51 81 98 26 49 4 17 52 40 24 61 45 39 32 1 85 10 79 7 34 41 2 27 71 78 93 22 35 43 23 67 54 88 44 96 46 33 53 59 70 8 94 73 72 90 86 13 38 77 92 29 64 97 9 28 50 47 21 80 69 11 99 65 19 5 75 30 20 36 15 6 68 31 12 83 56 95 14 76 84 62 16 18 87 37 60
TEST 18 ARG:58 82 89 57 42 48 66 91 55 3 63 0 74 25 51 81 98 26 49 4 17 52 40 24 61 45 39 32 1 85 10 79 7 34 41 2 27 71 78 93 22 35 43 23 67 54 88 44 96 46 33 53 59 70 8 94 73 72 90 86 13 38 77 92 29 64 97 9 28 50 47 21 80 69 11 99 65 19 5 75 30 20 36 15 6 68 31 12 83 56 95 14 76 84 62 16 18 87 37 60
TEST 19 ARG:2 99 1 58 8 49 88 33 20 64 72 17 12 25 71 79 18 55 75 62 67 65 22 59 10 26 29 90 44 61 85 0 13 69 73 98 97 23 93 3 36 21 48 15 34 81 66 91 92 82 87 47 7 16 6 96 63 83 57 9 30 45 40 52 56 32 4 5 24 46 89 54 31 38 86 27 60 35 43 50 70 28 53 84 19 39 51 11 68 77 42 94 95 14 76 41 80 37 78 74
TEST 19 ARG:2 99 1 58 8 49 88 33 20 64 72 17 12 25 71 79 18 55 75 62 67 65 22 59 10 26 29 90 44 61 85 0 13 69 73 98 97 23 93 3 36 21 48 15 34 81 66 91 92 82 87 47 7 16 6 96 63 83 57 9 30 45 40 52 56 32 4 5 24 46 89 54 31 38 86 27 60 35 43 50 70 28 53 84 19 39 51 11 68 77 42 94 95 14 76 41 80 37 78 74
TEST 20 ARG:33 81 61 32 96 75 87 29 23 49 47 76 52 98 56 30 86 82 2 8 73 17 1 28 20 85 25 77 6 18 60 92 43 89 3 42 69 10 48 19 51 54 9 15 71 13 80 22 24 57 38 34 36 50 21 53 68 65 97 62 27 39 79 91 99 74 84 90 83 58 46 95 63 72 70 66 5 14 41 26 93 40 55 64 94 35 78 0 44 4 59 16 12 67 7 45 37 11 31 88
TEST 20 ARG:33 81 61 32 96 75 87 29 23 49 47 76 52 98 56 30 86 82 2 8 73 17 1 28 20 85 25 77 6 18 60 92 43 89 3 42 69 10 48 19 51 54 9 15 71 13 80 22 24 57 38 34 36 50 21 53 68 65 97 62 27 39 79 91 99 74 84 90 83 58 46 95 63 72 70 66 5 14 41 26 93 40 55 64 94 35 78 0 44 4 59 16 12 67 7 45 37 11 31 88
TEST 21 ARG:51 38 37 20 33 86 83 81 91 31 43 82 53 40 67 97 96 59 34 4 42 23 54 17 32 84 70 47 66 44 39 19 35 30 25 79 2 77 26 56 52 3 93 69 68 12 72 9 16 14 21 5 64 27 94 71 58 60 90 7 0 95 78 10 89 50 74 65 1 73 99 85 63 57 62 92 80 88 11 24 22 18 48 15 55 49 46 98 29 76 28 13 6 75 41 8 36 45 87 61
TEST 21 ARG:51 38 37 20 33 86 83 81 91 31 43 82 53 40 67 97 96 59 34 4 42 23 54 17 32 84 70 47 66 44 39 19 35 30 25 79 2 77 26 56 52 3 93 69 68 12 72 9 16 14 21 5 64 27 94 71 58 60 90 7 0 95 78 10 89 50 74 65 1 73 99 85 63 57 62 92 80 88 11 24 22 18 48 15 55 49 46 98 29 76 28 13 6 75 41 8 36 45 87 61
TEST 22 ARG:95 42 13 27 88 64 73 74 62 28 41 75 98 66 6 14 31 15 2 70 36 59 92 61 58 55 47 69 4 1 21 37 49 97 39 18 48 7 5 94 89 12 78 44 85 11 91 63 82 60 24 99 26 22 72 45 3 25 19 84 93 96 50 51 35 16 67 90 80 87 53 83 65 17 54 57 71 34 86 68 43 30 23 8 10 9 32 0 40 29 33 79 38 46 52 76 81 20 77 56
TEST 22 ARG:95 42 13 27 88 64 73 74 62 28 41 75 98 66 6 14 31 15 2 70 36 59 92 61 58 55 47 69 4 1 21 37 49 97 39 18 48 7 5 94 89 12 78 44 85 11 91 63 82 60 24 99 26 22 72 45 3 25 19 84 93 96 50 51 35 16 67 90 80 87 53 83 65 17 54 57 71 34 86 68 43 30 23 8 10 9 32 0 40 29 33 79 38 46 52 76 81 20 77 56
TEST 23 ARG:38 83 64 55 74 50 23 45 33 94 8 16 30 9 25 26 95 41 67 24 19 51 47 77 2 13 66 44 49 22 91 61 4 90 11 70 60 85 34 42 79 56 89 12 48 75 29 36 69 20 7 72 82 76 10 65 39 99 0 93 43 6 52 53 54 18 17 68 84 40 31 58 59 57 46 62 73 96 63 98 92 28 80 27 87 21 35 32 97 71 37 78 1 3 5 14 15 86 88 81
TEST 23 ARG:38 83 64 55 74 50 23 45 33 94 8 16 30 9 25 26 95 41 67 24 19 51 47 77 2 13 66 44 49 22 91 61 4 90 11 70 60 85 34 42 79 56 89 12 48 75 29 36 69 20 7 72 82 76 10 65 39 99 0 93 43 6 52 53 54 18 17 68 84 40 31 58 59 57 46 62 73 96 63 98 92 28 80 27 87 21 35 32 97 71 37 78 1 3 5 14 15 86 88 81
TEST 24 ARG:98 76 21 74 83 48 13 99 17 42 3 64 55 33 92 40 15 2 71 62 88 96 81 10 59 5 94 30 67 37 28 31 73 35 18 50 86 52 23 12 61 79 47 25 24 82 87 75 22 14 85 84 16 57 63 97 60 72 68 89 32 78 91 1 54 49 6 44 7 69 0 77 93 34 53 70 19 66 4 9 95 45 58 41 80 46 38 27 90 11 26 56 36 43 65 29 51 8 39 20
TEST 24 ARG:98 76 21 74 83 48 13 99 17 42 3 64 55 33 92 40 15 2 71 62 88 96 81 10 59 5 94 30 67 37 28 31 73 35 18 50 86 52 23 12 61 79 47 25 24 82 87 75 22 14 85 84 16 57 63 97 60 72 68 89 32 78 91 1 54 49 6 44 7 69 0 77 93 34 53 70 19 66 4 9 95 45 58 41 80 46 38 27 90 11 26 56 36 43 65 29 51 8 39 20
TEST 25 ARG:81 98 83 45 16 87 7 59 25 69 12 14 77 10 15 13 49 56 27 20 0 63 93 4 86 46 38 50 17 75 47 2 26 72 78 65 3 57 30 21 18 34 74 67 89 6 54 76 64 28 95 79 90 41 53 31 5 8 32 97 61 80 85 9 33 99 94 70 92 42 73 36 40 19 44 23 37 24 84 29 58 55 11 62 48 39 22 60 91 51 35 88 66 71 52 43 1 68 82 96
TEST 25 ARG:81 98 83 45 16 87 7 59 25 69 12 14 77 10 15 13 49 56 27 20 0 63 93 4 86 46 38 50 17 75 47 2 26 72 78 65 3 57 30 21 18 34 74 67 89 6 54 76 64 28 95 79 90 41 53 31 5 8 32 97 61 80 85 9 33 99 94 70 92 42 73 36 40 19 44 23 37 24 84 29 58 55 11 62 48 39 22 60 91 51 35 88 66 71 52 43 1 68 82 96
TEST 26 ARG:57 36 53 4 88 98 90 21 19 86 17 13 7 74 48 42 26 72 61 43 89 29 75 64 67 35 47 80 70 27 51 28 63 84 10 91 77 39 73 97 30 56 99 15 76 38 31 82 79 65 22 71 9 46 12 18 2 25 54 52 60 49 81 58 3 41 40 62 92 45 95 85 55 24 0 1 93 50 34 16 96 78 44 23 20 8 11 32 5 33 66 68 59 83 37 6 69 94 14 87
TEST 26 ARG:57 36 53 4 88 98 90 21 19 86 17 13 7 74 48 42 26 72 61 43 89 29 75 64 67 35 47 80 70 27 51 28 63 84 10 91 77 39 73 97 30 56 99 15 76 38 31 82 79 65 22 71 9 46 12 18 2 25 54 52 60 49 81 58 3 41 40 62 92 45 95 85 55 24 0 1 93 50 34 16 96 78 44 23 20 8 11 32 5 33 66 68 59 83 37 6 69 94 14 87
TEST 27 ARG:48 22 43 1 14 98 89 40 25 75 20 85 83 66 12 91 93 77 92 82 87 96 21 51 60 71 15 11 58 13 81 2 50 17 35 46 74 78 19 32 24 29 38 34 57 80 59 52 6 62 44 16 64 65 31 5 26 56 61 28 33 55 3 99 86 95 94 90 23 72 27 76 63 73 4 79 0 45 30 7 8 49 88 10 9 84 53 42 18 37 68 36 67 47 41 97 39 70 54 69
TEST 27 ARG:48 22 43 1 14 98 89 40 25 75 20 85 83 66 12 91 93 77 92 82 87 96 21 51 60 71 15 11 58 13 81 2 50 17 35 46 74 78 19 32 24 29 38 34 57 80 59 52 6 62 44 16 64 65 31 5 26 56 61 28 33 55 3 99 86 95 94 90 23 72 27 76 63 73 4 79 0 45 30 7 8 49 88 10 9 84 53 42 18 37 68 36 67 47 41 97 39 70 54 69
TEST 28 ARG:55 4 46 71 80 96 67 23 41 47 77 7 56 0 34 65 30 76 61 64 70 87 14 91 21 79 52 36 81 83 33 49 9 89 82 50 10 97 17 37 29 75 1 2 26 39 95 63 99 15 19 94 5 12 84 93 48 43 58 24 27 22 53 60 11 28 42 88 54 86 78 66 68 20 16 74 13 44 51 25 85 31 32 62 72 8 6 35 92 18 69 38 90 45 3 73 98 57 59 40
TEST 28 ARG:55 4 46 71 80 96 67 23 41 47 77 7 56 0 34 65 30 76 61 64 70 87 14 91 21 79 52 36 81 83 33 49 9 89 82 50 10 97 17 37 29 75 1 2 26 39 95 63 99 15 19 94 5 12 84 93 48 43 58 24 27 22 53 60 11 28 42 88 54 86 78 66 68 20 16 74 13 44 51 25 85 31 32 62 72 8 6 35 92 18 69 38 90 45 3 73 98 57 59 40
TEST 29 ARG:29 62 90 72 86 9 13 35 28 52 36 20 61 80 25 85 47 91 10 56 89 76 60 94 44 2 46 39 48 57 95 30 7 70 27 34 77 45 43 55 64 15 17 54 16 38 75 42 66 22 40 4 79 68 82 84 97 58 14 3 71 99 6 12 0 74 98 5 26 87 41 65 8 67 50 92 21 96 24 23 93 18 31 32 83 51 11 37 53 19 1 81 88 59 33 78 73 63 49 69
TEST 29 ARG:29 62 90 72 86 9 13 35 28 52 36 20 61 80 25 85 47 91 10 56 89 76 60 94 44 2 46 39 48 57 95 30 7 70 27 34 77 45 43 55 64 15 17 54 16 38 75 42 66 22 40 4 79 68 82 84 97 58 14 3 71 99 6 12 0 74 98 5 26 87 41 65 8 67 50 92 21 96 24 23 93 18 31 32 83 51 11 37 53 19 1 81 88 59 33 78 73 63 49 69
TEST 30 ARG:50 77 64 54 58 96 81 21 71 25 19 98 3 99 87 35 75 86 60 24 34 92 39 13 84 91 95 69 72 74 23 73 32 44 10 62 67 80 90 9 59 65 37 57 29 78 31 12 2 52 18 56 83 41 28 22 61 30 6 68 46 20 26 4 76 27 70 79 63 36 17 48 53 45 97 94 43 42 1 55 33 51 14 82 7 0 88 8 66 5 40 47 49 11 16 93 38 15 85 89
TEST 30 ARG:50 77 64 54 58 96 81 21 71 25 19 98 3 99 87 35 75 86 60 24 34 92 39 13 84 91 95 69 72 74 23 73 32 44 10 62 67 80 90 9 59 65 37 57 29 78 31 12 2 52 18 56 83 41 28 22 61 30 6 68 46 20 26 4 76 27 70 79 63 36 17 48 53 45 97 94 43 42 1 55 33 51 14 82 7 0 88 8 66 5 40 47 49 11 16 93 38 15 85 89
TEST 31 ARG:30 2 57 13 24 36 52 69 37 4 34 50 75 64 43 12 16 85 86 23 54 92 80 25 65 77 98 22 84 61 89 3 76 8 49 88 21 67 95 96 68 97 87 81 19 71 35 40 60 94 41 39 7 70 0 47 63 38 17 29 93 48 82 28 73 27 56 42 33 99 90 91 78 1 53 15 72 59 5 11 20 58 83 51 9 62 10 14 46 31 26 32 44 66 6 74 18 55 79 45
TEST 31 ARG:30 2 57 13 24 36 52 69 37 4 34 50 75 64 43 12 16 85 86 23 54 92 80 25 65 77 98 22 84 61 89 3 76 8 49 88 21 67 95 96 68 97 87 81 19 71 35 40 60 94 41 39 7 70 0 47 63 38 17 29 93 48 82 28 73 27 56 42 33 99 90 91 78 1 53 15 72 59 5 11 20 58 83 51 9 62 10 14 46 31 26 32 44 66 6 74 18 55 79 45
TEST 32 ARG:34 10 11 88 15 71 81 66 14 99 76 3 78 0 60 98 33 80 28 23 44 47 63 90 89 21 83 56 92 65 38 31 79 87 96 58 50 26 55 24 72 51 85 39 12 57 7 20 43 97 1 82 32 5 41 67 8 93 29 25 16 75 17 6 30 22 49 84 68 36 74 35 27 64 18 19 86 42 45 4 95 9 94 69 40 48 61 52 73 46 54 37 59 91 53 70 13 77 2 62
TEST 32 ARG:34 10 11 88 15 71 81 66 14 99 76 3 78 0 60 98 33 80 28 23 44 47 63 90 89 21 83 56 92 65 38 31 79 87 96 58 50 26 55 24 72 51 85 39 12 57 7 20 43 97 1 82 32 5 41 67 8 93 29 25 16 75 17 6 30 22 49 84 68 36 74 35 27 64 18 19 86 42 45 4 95 9 94 69 40 48 61 52 73 46 54 37 59 91 53 70 13 77 2 62
TEST 33 ARG:71 0 67 62 90 35 47 58 37 6 77 29 57 69 72 41 44 40 46 25 63 78 43 39 86 55 24 82 22 9 61 26 8 14 11 52 74 89 15 27 34 30 92 60 54 21 7 95 31 42 33 75 98 76 68 64 36 5 12 80 70 83 50 17 85 45 59 87 10 19 53 97 16 13 96 2 91 73 1 48 3 88 20 49 93 84 65 56 18 99 51 81 28 79 23 38 66 32 4 94
TEST 33 ARG:71 0 67 62 90 35 47 58 37 6 77 29 57 69 72 41 44 40 46 25 63 78 43 39 86 55 24 82 22 9 61 26 8 14 11 52 74 89 15 27 34 30 92 60 54 21 7 95 31 42 33 75 98 76 68 64 36 5 12 80 70 83 50 17 85 45 59 87 10 19 53 97 16 13 96 2 91 73 1 48 3 88 20 49 93 84 65 56 18 99 51 81 28 79 23 38 66 32 4 94
TEST 34 ARG:58 6 10 50 60 4 25 53 34 52 84 88 92 2 54 13 43 49 3 23 79 8 67 59 83 41 30 31 28 16 76 62 55 42 12 77 19 61 74 69 22 37 70 93 72 27 89 91 63 71 94 36 65 99 14 20 46 73 64 26 66 68 82 17 86 57 51 0 85 47 81 45 29 87 44 39 78 7 33 32 48 97 1 18 56 15 35 9 98 96 75 95 40 90 5 80 24 38 11 21
TEST 34 ARG:58 6 10 50 60 4 25 53 34 52 84 88 92 2 54 13 43 49 3 23 79 8 67 59 83 41 30 31 28 16 76 62 55 42 12 77 19 61 74 69 22 37 70 93 72 27 89 91 63 71 94 36 65 99 14 20 46 73 64 26 66 68 82 17 86 57 51 0 85 47 81 45 29 87 44 39 78 7 33 32 48 97 1 18 56 15 35 9 98 96 75 95 40 90 5 80 24 38 11 21
TEST 35 ARG:97 0 98 30 53 68 18 71 21 83 87 14 95 25 81 44 40 36 27 52 1 73 13 41 11 2 26 9 19 50 99 59 80 39 24 42 60 22 75 49 16 28 91 84 4 20 47 23 77 45 8 79 10 35 78 92 62 46 67 38 17 58 88 57 33 51 48 15 93 65 5 74 70 37 34 69 6 7 56 94 54 96 72 66 86 85 89 82 64 29 32 90 61 55 76 3 12 31 63 43
TEST 35 ARG:97 0 98 30 53 68 18 71 21 83 87 14 95 25 81 44 40 36 27 52 1 73 13 41 11 2 26 9 19 50 99 59 80 39 24 42 60 22 75 49 16 28 91 84 4 20 47 23 77 45 8 79 10 35 78 92 62 46 67 38 17 58 88 57 33 51 48 15 93 65 5 74 70 37 34 69 6 7 56 94 54 96 72 66 86 85 89 82 64 29 32 90 61 55 76 3 12 31 63 43
TEST 36 ARG:56 83 4 60 53 78 32 9 21 50 73 27 97 64 36 81 41 67 51 61 34 40 94 38 70 33 59 12 55 26 92 96 37 62 80 77 93 42 87 0 35 65 45 14 98 7 30 15 74 75 17 6 43 18 71 25 46 91 47 13 57 99 31 44 2 22 5 88 10 68 85 8 54 11 58 66 95 69 39 49 19 28 89 84 29 82 20 79 90 48 72 86 63 23 3 76 52 1 24 16
TEST 36 ARG:56 83 4 60 53 78 32 9 21 50 73 27 97 64 36 81 41 67 51 61 34 40 94 38 70 33 59 12 55 26 92 96 37 62 80 77 93 42 87 0 35 65 45 14 98 7 30 15 74 75 17 6 43 18 71 25 46 91 47 13 57 99 31 44 2 22 5 88 10 68 85 8 54 11 58 66 95 69 39 49 19 28 89 84 29 82 20 79 90 48 72 86 63 23 3 76 52 1 24 16
TEST 37 ARG:11 38 52 92 46 10 71 19 16 95 54 74 0 94 67 13 84 82 30 34 14 22 73 98 49 79 28 26 78 9 31 45 32 76 61 77 86 80 57 35 47 7 15 42 87 83 56 90 51 5 50 40 69 21 55 48 18 8 20 60 12 99 91 2 72 59 64 24 96 62 58 88 44 29 43 17 97 75 89 3 39 36 53 93 63 6 37 23 70 66 81 27 25 65 33 1 41 85 4 68
TEST 37 ARG:11 38 52 92 46 10 71 19 16 95 54 74 0 94 67 13 84 82 30 34 14 22 73 98 49 79 28 26 78 9 31 45 32 76 61 77 86 80 57 35 47 7 15 42 87 83 56 90 51 5 50 40 69 21 55 48 18 8 20 60 12 99 91 2 72 59 64 24 96 62 58 88 44 29 43 17 97 75 89 3 39 36 53 93 63 6 37 23 70 66 81 27 25 65 33 1 41 85 4 68
TEST 38 ARG:29 62 75 45 74 4 40 18 6 15 32 0 42 50 60 53 22 44 54 47 12 81 93 59 58 13 63 28 5 84 96 36 70 43 23 26 7 87 35 2 98 82 86 25 90 67 83 55 79 69 88 92 17 46 52 1 73 31 61 39 33 48 71 78 94 41 51 80 27 21 68 77 19 65 9 38 56 64 85 49 34 11 3 57 72 89 10 99 24 30 91 14 95 97 66 37 16 20 8 76
TEST 38 ARG:29 62 75 45 74 4 40 18 6 15 32 0 42 50 60 53 22 44 54 47 12 81 93 59 58 13 63 28 5 84 96 36 70 43 23 26 7 87 35 2 98 82 86 25 90 67 83 55 79 69 88 92 17 46 52 1 73 31 61 39 33 48 71 78 94 41 51 80 27 21 68 77 19 65 9 38 56 64 85 49 34 11 3 57 72 89 10 99 24 30 91 14 95 97 66 37 16 20 8 76
TEST 39 ARG:74 37 34 11 68 7 80 27 31 53 87 62 70 91 84 45 90 5 23 56 78 35 52 71 47 79 96 73 97 12 54 88 76 33 77 75 66 25 86 98 6 72 20 42 99 28 14 18 55 50 16 58 30 39 19 36 49 65 0 40 8 26 2 41 51 61 93 67 89 9 1 63 32 57 69 21 95 13 44 92 38 29 60 4 82 10 17 81 43 24 48 64 22 85 94 3 15 83 59 46
TEST 39 ARG:74 37 34 11 68 7 80 27 31 53 87 62 70 91 84 45 90 5 23 56 78 35 52 71 47 79 96 73 97 12 54 88 76 33 77 75 66 25 86 98 6 72 20 42 99 28 14 18 55 50 16 58 30 39 19 36 49 65 0 40 8 26 2 41 51 61 93 67 89 9 1 63 32 57 69 21 95 13 44 92 38 29 60 4 82 10 17 81 43 24 48 64 22 85 94 3 15 83 59 46
TEST 40 ARG:31 33 77 57 48 27 3 75 64 73 13 95 61 63 20 17 66 83 24 62 89 36 23 81 97 55 12 15 69 30 1 0 44 43 84 5 88 32 85 18 53 19 90 76 29 86 78 96 54 16 49 92 68 35 37 9 67 87 40 70 94 52 8 39 28 26 38 22 59 7 80 50 72 82 71 58 51 41 34 4 14 91 45 47 65 93 25 60 99 11 21 79 2 98 42 6 10 56 46 74
TEST 40 ARG:31 33 77 57 48 27 3 75 64 73 13 95 61 63 20 17 66 83 24 62 89 36 23 81 97 55 12 15 69 30 1 0 44 43 84 5 88 32 85 18 53 19 90 76 29 86 78 96 54 16 49 92 68 35 37 9 67 87 40 70 94 52 8 39 28 26 38 22 59 7 80 50 72 82 71 58 51 41 34 4 14 91 45 47 65 93 25 60 99 11 21 79 2 98 42 6 10 56 46 74
TEST 41 ARG:26 98 82 53 39 87 86 71 43 93 35 0 48 29 84 75 76 46 31 61 9 16 51 63 78 13 56 17 12 50 14 65 2 47 77 41 73 1 68 54 6 69 64 45 40 97 96 80 66 19 92 60 5 90 34 52 99 11 10 42 91 62 58 20 18 36 57 74 37 94 88 44 23 59 79 95 27 49 15 72 33 22 30 55 89 8 25 81 21 7 70 83 38 85 3 4 28 67 32 24
TEST 41 ARG:26 98 82 53 39 87 86 71 43 93 35 0 48 29 84 75 76 46 31 61 9 16 51 63 78 13 56 17 12 50 14 65 2 47 77 41 73 1 68 54 6 69 64 45 40 97 96 80 66 19 92 60 5 90 34 52 99 11 10 42 91 62 58 20 18 36 57 74 37 94 88 44 23 59 79 95 27 49 15 72 33 22 30 55 89 8 25 81 21 7 70 83 38 85 3 4 28 67 32 24
TEST 42 ARG:15 41 27 9 7 45 54 18 67 1 64 17 23 78 31 68 8 10 79 2 70 53 13 44 4 91 59 97 80 84 6 82 95 90 20 58 11 56 75 60 47 55 39 35 69 43 49 40 61 72 93 34 26 33 74 99 57 36 25 73 88 81 38 46 29 12 52 65 66 32 85 50 77 48 37 21 94 87 30 98 89 71 14 83 0 62 16 42 24 76 51 5 86 22 96 19 92 28 63 3
TEST 42 ARG:15 41 27 9 7 45 54 18 67 1 64 17 23 78 31 68 8 10 79 2 70 53 13 44 4 91 59 97 80 84 6 82 95 90 20 58 11 56 75 60 47 55 39 35 69 43 49 40 61 72 93 34 26 33 74 99 57 36 25 73 88 81 38 46 29 12 52 65 66 32 85 50 77 48 37 21 94 87 30 98 89 71 14 83 0 62 16 42 24 76 51 5 86 22 96 19 92 28 63 3
TEST 43 ARG:75 34 84 66 16 30 81 0 61 46 5 47 6 31 18 38 98 95 4 70 94 88 51 90 55 8 64 21 87 77 59 89 56 57 78 92 44 76 29 39 60 9 65 7 99 26 36 37 82 23 15 86 83 68 27 62 2 67 3 80 54 35 72 74 17 28 48 33 97 49 45 20 40 52 32 10 14 19 50 93 1 63 25 79 22 91 24 13 69 58 42 41 96 12 43 11 73 71 85 53
TEST 43 ARG:75 34 84 66 16 30 81 0 61 46 5 47 6 31 18 38 98 95 4 70 94 88 51 90 55 8 64 21 87 77 59 89 56 57 78 92 44 76 29 39 60 9 65 7 99 26 36 37 82 23 15 86 83 68 27 62 2 67 3 80 54 35 72 74 17 28 48 33 97 49 45 20 40 52 32 10 14 19 50 93 1 63 25 79 22 91 24 13 69 58 42 41 96 12 43 11 73 71 85 53
TEST 44 ARG:42 17 86 19 5 50 65 83 75 20 36 15 46 2 32 76 55 66 85 34 9 27 94 3 95 90 35 72 96 53 79 16 14 49 88 31 57 81 97 38 84 43 0 24 54 87 59 4 63 18 39 25 48 74 61 33 92 70 69 78 98 89 52 21 37 7 56 99 58 13 40 60 44 62 80 11 8 26 82 30 71 10 91 12 73 41 6 23 67 68 29 47 28 45 93 22 1 51 64 77
TEST 44 ARG:42 17 86 19 5 50 65 83 75 20 36 15 46 2 32 76 55 66 85 34 9 27 94 3 95 90 35 72 96 53 79 16 14 49 88 31 57 81 97 38 84 43 0 24 54 87 59 4 63 18 39 25 48 74 61 33 92 70 69 78 98 89 52 21 37 7 56 99 58 13 40 60 44 62 80 11 8 26 82 30 71 10 91 12 73 41 6 23 67 68 29 47 28 45 93 22 1 51 64 77
TEST 45 ARG:28 73 39 12 49 90 52 82 97 58 32 88 74 34 70 55 24 16 33 91 5 50 40 31 95 21 72 53 45 93 86 27 26 20 25 75 98 19 64 14 30 38 6 99 37 10 9 60 4 47 78 36 43 22 81 84 3 67 48 76 15 71 29 87 46 65 0 69 89 13 42 11 54 23 18 17 51 63 66 56 35 94 92 57 68 44 41 77 2 7 96 85 80 59 61 1 79 83 62 8
TEST 45 ARG:28 73 39 12 49 90 52 82 97 58 32 88 74 34 70 55 24 16 33 91 5 50 40 31 95 21 72 53 45 93 86 27 26 20 25 75 98 19 64 14 30 38 6 99 37 10 9 60 4 47 78 36 43 22 81 84 3 67 48 76 15 71 29 87 46 65 0 69 89 13 42 11 54 23 18 17 51 63 66 56 35 94 92 57 68 44 41 77 2 7 96 85 80 59 61 1 79 83 62 8
TEST 46 ARG:54 37 43 22 48 41 66 57 90 18 30 4 95 13 63 35 31 58 10 81 45 51 44 61 89 3 8 97 60 68 14 83 29 27 64 59 78 52 84 15 39 79 32 2 73 20 82 76 28 46 96 34 86 65 50 24 6 70 53 88 75 80 19 77 67 7 16 38 99 74 1 33 12 56 93 69 40 5 71 26 9 87 25 0 55 49 23 21 92 98 42 94 11 62 47 85 72 36 91 17
TEST 46 ARG:54 37 43 22 48 41 66 57 90 18 30 4 95 13 63 35 31 58 10 81 45 51 44 61 89 3 8 97 60 68 14 83 29 27 64 59 78 52 84 15 39 79 32 2 73 20 82 76 28 46 96 34 86 65 50 24 6 70 53 88 75 80 19 77 67 7 16 38 99 74 1 33 12 56 93 69 40 5 71 26 9 87 25 0 55 49 23 21 92 98 42 94 11 62 47 85 72 36 91 17
TEST 47 ARG:83 70 18 68 99 98 62 79 43 17 23 81 21 40 41 44 48 2 52 0 32 95 22 49 59 6 50 89 66 42 7 3 24 73 54 80 92 67 91 5 25 82 69 87 78 55 97 75 65 47 38 90 57 58 56 60 74 34 71 64 86 61 9 77 53 8 31 1 37 27 11 13 4 12 85 10 76 94 35 46 26 63 84 36 88 93 45 29 30 15 28 14 72 33 51 16 20 96 39 19
TEST 47 ARG:83 70 18 68 99 98 62 79 43 17 23 81 21 40 41 44 48 2 52 0 32 95 22 49 59 6 50 89 66 42 7 3 24 73 54 80 92 67 91 5 25 82 69 87 78 55 97 75 65 47 38 90 57 58 56 60 74 34 71 64 86 61 9 77 53 8 31 1 37 27 11 13 4 12 85 10 76 94 35 46 26 63 84 36 88 93 45 29 30 15 28 14 72 33 51 16 20 96 39 19
TEST 48 ARG:49 59 84 33 82 20 74 10 65 79 3 95 72 86 60 61 48 85 42 71 43 13 17 70 93 0 24 34 83 68 9 39 38 2 25 40 50 6 92 63 99 28 11 98 23 58 81 44 57 31 36 8 87 5 62 64 55 54 12 76 47 7 14 96 56 45 66 37 67 15 73 18 35 46 29 16 19 80 69 22 89 77 27 90 4 52 78 32 30 91 41 1 26 97 51 53 88 21 75 94
TEST 48 ARG:49 59 84 33 82 20 74 10 65 79 3 95 72 86 60 61 48 85 42 71 43 13 17 70 93 0 24 34 83 68 9 39 38 2 25 40 50 6 92 63 99 28 11 98 23 58 81 44 57 31 36 8 87 5 62 64 55 54 12 76 47 7 14 96 56 45 66 37 67 15 73 18 35 46 29 16 19 80 69 22 89 77 27 90 4 52 78 32 30 91 41 1 26 97 51 53 88 21 75 94
TEST 49 ARG:67 42 30 47 84 19 80 51 66 98 6 63 28 24 25 43 13 83 23 3 17 45 78 18 87 85 75 70 44 49 37 5 90 20 60 92 62 55 72 14 97 53 99 2 81 74 61 8 91 7 4 76 33 15 73 21 88 11 31 59 65 58 48 41 36 29 79 1 57 52 26 71 64 35 68 50 89 32 95 12 46 86 27 34 96 10 22 16 38 54 94 39 9 0 77 40 69 56 82 93
TEST 49 ARG:67 42 30 47 84 19 80 51 66 98 6 63 28 24 25 43 13 83 23 3 17 45 78 18 87 85 75 70 44 49 37 5 90 20 60 92 62 55 72 14 97 53 99 2 81 74 61 8 91 7 4 76 33 15 73 21 88 11 31 59 65 58 48 41 36 29 79 1 57 52 26 71 64 35 68 50 89 32 95 12 46 86 27 34 96 10 22 16 38 54 94 39 9 0 77 40 69 56 82 93
TEST 50 ARG:81 67 66 22 42 63 3 13 36 21 82 14 39 31 96 61 17 16 51 72 55 33 54 41 11 69 90 88 7 6 47 84 32 95 59 8 29 49 65 50 79 91 24 97 94 75 92 26 93 34 64 0 68 57 10 45 1 85 58 38 9 89 71 52 77 2 4 35 43 74 23 99 53 80 86 56 98 27 30 37 76 62 83 20 48 78 5 70 40 19 60 25 15 12 18 46 87 28 44 73
TEST 50 ARG:81 67 66 22 42 63 3 13 36 21 82 14 39 31 96 61 17 16 51 72 55 33 54 41 11 69 90 88 7 6 47 84 32 95 59 8 29 49 65 50 79 91 24 97 94 75 92 26 93 34 64 0 68 57 10 45 1 85 58 38 9 89 71 52 77 2 4 35 43 74 23 99 53 80 86 56 98 27 30 37 76 62 83 20 48 78 5 70 40 19 60 25 15 12 18 46 87 28 44 73
TEST 51 ARG:6 87 97 58 83 42 52 91 54 90 35 94 79 7 8 70 95 45 16 99 20 64 75 84 72 50 22 26 98 71 2 4 92 63 76 82 80 43 89 32 37 25 29 49 81 68 46 88 57 69 11 78 13 77 44 0 19 33 47 53 39 65 73 1 59 85 61 62 24 38 66 27 34 18 10 86 96 48 56 93 28 12 14 74 40 9 31 15 5 30 41 36 67 55 3 23 21 51 60 17
TEST 51 ARG:6 87 97 58 83 42 52 91 54 90 35 94 79 7 8 70 95 45 16 99 20 64 75 84 72 50 22 26 98 71 2 4 92 63 76 82 80 43 89 32 37 25 29 49 81 68 46 88 57 69 11 78 13 77 44 0 19 33 47 53 39 65 73 1 59 85 61 62 24 38 66 27 34 18 10 86 96 48 56 93 28 12 14 74 40 9 31 15 5 30 41 36 67 55 3 23 21 51 60 17
TEST 52 ARG:61 27 43 59 32 71 48 70 95 41 33 46 74 87 30 89 69 82 39 21 36 56 1 54 68 77 57 55 34 90 93 52 3 85 83 31 58 18 11 6 53 88 12 79 92 72 26 76 10 80 25 2 23 22 86 65 44 13 75 5 60 19 78 29 91 66 98 84 64 49 62 40 28 15 16 63 0 4 47 14 9 7 81 73 45 42 99 50 96 38 97 67 37 17 20 8 51 35 94 24
TEST 52 ARG:61 27 43 59 32 71 48 70 95 41 33 46 74 87 30 89 69 82 39 21 36 56 1 54 68 77 57 55 34 90 93 52 3 85 83 31 58 18 11 6 53 88 12 79 92 72 26 76 10 80 25 2 23 22 86 65 44 13 75 5 60 19 78 29 91 66 98 84 64 49 62 40 28 15 16 63 0 4 47 14 9 7 81 73 45 42 99 50 96 38 97 67 37 17 20 8 51 35 94 24
TEST 53 ARG:61 7 85 38 44 16 76 39 23 58 62 92 78 95 68 47 53 10 71 59 88 69 48 66 74 11 18 28 26 84 81 15 3 5 63 8 2 13 9 20 91 94 96 70 46 0 89 33 41 80 79 51 24 75 37 54 52 36 99 22 43 72 97 30 4 55 73 93 98 32 77 64 21 6 65 83 25 42 35 57 1 82 86 29 60 87 34 19 45 31 27 40 49 56 12 90 14 67 17 50
TEST 53 ARG:61 7 85 38 44 16 76 39 23 58 62 92 78 95 68 47 53 10 71 59 88 69 48 66 74 11 18 28 26 84 81 15 3 5 63 8 2 13 9 20 91 94 96 70 46 0 89 33 41 80 79 51 24 75 37 54 52 36 99 22 43 72 97 30 4 55 73 93 98 32 77 64 21 6 65 83 25 42 35 57 1 82 86 29 60 87 34 19 45 31 27 40 49 56 12 90 14 67 17 50
TEST 54 ARG:86 61 55 45 58 56 35 10 60 65 54 19 39 31 3 7 23 82 99 9 57 52 63 51 88 96 79 43 80 5 20 12 37 30 41 95 81 85 87 44 64 36 32 28 2 6 1 27 69 73 24 29 48 33 34 13 77 70 84 50 8 66 76 47 49 93 92 15 18 75 38 0 40 16 62 94 59 4 26 11 14 46 53 72 83 21 25 89 97 91 90 78 22 98 71 17 67 68 42 74
TEST 54 ARG:86 61 55 45 58 56 35 10 60 65 54 19 39 31 3 7 23 82 99 9 57 52 63 51 88 96 79 43 80 5 20 12 37 30 41 95 81 85 87 44 64 36 32 28 2 6 1 27 69 73 24 29 48 33 34 13 77 70 84 50 8 66 76 47 49 93 92 15 18 75 38 0 40 16 62 94 59 4 26 11 14 46 53 72 83 21 25 89 97 91 90 78 22 98 71 17 67 68 42 74
TEST 55 ARG:16 37 38 41 36 43 64 97 17 11 33 52 57 76 49 88 81 74 93 25 66 85 83 54 58 48 12 92 56 87 19 70 46 99 6 77 79 61 84 90 1 31 23 67 53 40 82 98 51 24 22 75 10 29 72 91 3 95 68 50 55 65 9 96 63 39 2 73 60 14 13 45 71 21 20 80 69 59 89 5 35 26 0 15 34 7 86 47 42 30 78 18 4 8 62 27 32 44 94 28
TEST 55 ARG:16 37 38 41 36 43 64 97 17 11 33 52 57 76 49 88 81 74 93 25 66 85 83 54 58 48 12 92 56 87 19 70 46 99 6 77 79 61 84 90 1 31 23 67 53 40 82 98 51 24 22 75 10 29 72 91 3 95 68 50 55 65 9 96 63 39 2 73 60 14 13 45 71 21 20 80 69 59 89 5 35 26 0 15 34 7 86 47 42 30 78 18 4 8 62 27 32 44 94 28
TEST 56 ARG:90 63 43 72 58 60 48 85 97 71 80 87 9 95 52 99 68 62 45 53 89 29 24 66 6 93 28 92 65 26 64 23 96 82 22 79 19 54 49 36 46 55 1 5 27 50 75 78 83 33 42 38 34 30 88 0 13 98 69 32 7 11 59 14 51 25 31 37 44 70 77 56 76 16 10 84 4 91 81 73 94 67 20 2 35 3 12 18 57 86 47 39 40 21 17 8 74 15 61 41
TEST 56 ARG:90 63 43 72 58 60 48 85 97 71 80 87 9 95 52 99 68 62 45 53 89 29 24 66 6 93 28 92 65 26 64 23 96 82 22 79 19 54 49 36 46 55 1 5 27 50 75 78 83 33 42 38 34 30 88 0 13 98 69 32 7 11 59 14 51 25 31 37 44 70 77 56 76 16 10 84 4 91 81 73 94 67 20 2 35 3 12 18 57 86 47 39 40 21 17 8 74 15 61 41
TEST 57 ARG:34 6 29 46 82 27 15 68 96 71 30 22 98 1 17 57 50 52 77 20 64 75 11 32 70 89 43 48 7 8 94 51 79 83 23 88 67 19 90 72 40 85 24 25 78 39 9 13 14 61 49 12 2 47 53 87 84 55 35 54 86 73 3 91 81 28 74 42 36 92 18 38 95 4 80 62 59 26 45 93 44 21 31 97 65 69 5 10 66 16 0 76 63 56 37 99 33 58 60 41
TEST 57 ARG:34 6 29 46 82 27 15 68 96 71 30 22 98 1 17 57 50 52 77 20 64 75 11 32 70 89 43 48 7 8 94 51 79 83 23 88 67 19 90 72 40 85 24 25 78 39 9 13 14 61 49 12 2 47 53 87 84 55 35 54 86 73 3 91 81 28 74 42 36 92 18 38 95 4 80 62 59 26 45 93 44 21 31 97 65 69 5 10 66 16 0 76 63 56 37 99 33 58 60 41
TEST 58 ARG:35 19 44 75 58 26 15 79 9 28 27 18 82 50 69 8 53 88 87 40 46 52 23 54 97 39 66 36 76 59 47 65 60 31 30 38 14 2 94 0 24 89 61 84 7 74 55 64 67 41 78 91 68 34 16 93 42 83 21 13 10 5 45 48 33 62 86 51 63 73 92 98 72 71 81 3 12 6 20 32 25 49 95 1 90 96 4 99 57 56 70 77 22 17 85 37 11 43 80 29
TEST 58 ARG:35 19 44 75 58 26 15 79 9 28 27 18 82 50 69 8 53 88 87 40 46 52 23 54 97 39 66 36 76 59 47 65 60 31 30 38 14 2 94 0 24 89 61 84 7 74 55 64 67 41 78 91 68 34 16 93 42 83 21 13 10 5 45 48 33 62 86 51 63 73 92 98 72 71 81 3 12 6 20 32 25 49 95 1 90 96 4 99 57 56 70 77 22 17 85 37 11 43 80 29
TEST 59 ARG:99 80 49 61 72 53 63 31 6 7 39 73 12 30 74 67 26 22 35 95 88 5 28 70 19 79 96 25 78 44 76 75 4 10 69 86 58 33 46 1 43 47 15 62 16 0 48 17 64 13 36 87 11 65 59 37 40 91 41 20 45 3 56 9 55 85 27 93 71 66 29 2 14 82 89 90 32 54 83 8 60 92 94 52 42 77 98 51 81 24 57 84 97 50 34 68 23 18 38 21
TEST 59 ARG:99 80 49 61 72 53 63 31 6 7 39 73 12 30 74 67 26 22 35 95 88 5 28 70 19 79 96 25 78 44 76 75 4 10 69 86 58 33 46 1 43 47 15 62 16 0 48 17 64 13 36 87 11 65 59 37 40 91 41 20 45 3 56 9 55 85 27 93 71 66 29 2 14 82 89 90 32 54 83 8 60 92 94 52 42 77 98 51 81 24 57 84 97 50 34 68 23 18 38 21
TEST 60 ARG:66 0 52 44 20 62 96 34 24 75 36 59 69 71 39 18 61 22 35 76 67 79 93 65 12 29 47 8 4 97 72 54 95 25 88 21 33 90 2 17 55 80 46 1 3 74 37 40 23 51 30 38 9 63 32 10 57 14 27 49 16 45 13 50 64 7 15 6 28 89 70 84 26 86 73 85 99 81 53 31 11 82 87 83 92 77 19 56 58 91 5 48 98 94 68 78 60 43 42 41
TEST 60 ARG:66 0 52 44 20 62 96 34 24 75 36 59 69 71 39 18 61 22 35 76 67 79 93 65 12 29 47 8 4 97 72 54 95 25 88 21 33 90 2 17 55 80 46 1 3 74 37 40 23 51 30 38 9 63 32 10 57 14 27 49 16 45 13 50 64 7 15 6 28 89 70 84 26 86 73 85 99 81 53 31 11 82 87 83 92 77 19 56 58 91 5 48 98 94 68 78 60 43 42 41
TEST 61 ARG:19 42 45 78 53 54 10 90 73 55 31 13 7 57 93 61 58 37 8 28 40 71 66 26 46 63 84 22 34 98 69 49 39 88 15 24 23 77 99 29 62 44 51 6 64 75 65 68 60 2 4 86 27 70 17 74 83 82 3 11 16 14 12 59 89 92 30 95 50 32 87 91 48 94 33 25 21 79 72 35 80 52 47 5 20 1 76 36 56 18 41 43 97 0 85 9 81 38 96 67
TEST 61 ARG:19 42 45 78 53 54 10 90 73 55 31 13 7 57 93 61 58 37 8 28 40 71 66 26 46 63 84 22 34 98 69 49 39 88 15 24 23 77 99 29 62 44 51 6 64 75 65 68 60 2 4 86 27 70 17 74 83 82 3 11 16 14 12 59 89 92 30 95 50 32 87 91 48 94 33 25 21 79 72 35 80 52 47 5 20 1 76 36 56 18 41 43 97 0 85 9 81 38 96 67
TEST 62 ARG:23 39 38 91 78 33 25 96 88 16 75 10 12 20 24 71 8 77 51 15 9 98 14 56 66 94 27 4 72 43 85 34 68 89 3 17 42 30 50 36 84 55 45 54 80 93 90 5 6 83 86 37 92 64 11 18 2 81 31 41 13 57 65 60 35 53 99 97 59 82 69 70 95 19 67 28 58 0 22 46 7 47 76 29 87 52 73 44 79 48 21 1 40 63 74 26 62 49 32 61
TEST 62 ARG:23 39 38 91 78 33 25 96 88 16 75 10 12 20 24 71 8 77 51 15 9 98 14 56 66 94 27 4 72 43 85 34 68 89 3 17 42 30 50 36 84 55 45 54 80 93 90 5 6 83 86 37 92 64 11 18 2 81 31 41 13 57 65 60 35 53 99 97 59 82 69 70 95 19 67 28 58 0 22 46 7 47 76 29 87 52 73 44 79 48 21 1 40 63 74 26 62 49 32 61
TEST 63 ARG:34 9 36 31 11 88 77 28 81 79 5 94 75 30 95 80 1 92 0 39 63 55 69 33 64 42 87 57 43 4 29 74 50 72 98 21 41 2 48 76 56 7 18 17 71 86 84 83 40 90 19 45 32 24 93 65 22 26 89 13 53 59 67 8 15 16 82 25 62 37 52 70 66 10 12 6 68 58 3 85 20 14 91 97 49 54 51 27 60 61 73 99 78 44 47 23 38 96 46 35
TEST 63 ARG:34 9 36 31 11 88 77 28 81 79 5 94 75 30 95 80 1 92 0 39 63 55 69 33 64 42 87 57 43 4 29 74 50 72 98 21 41 2 48 76 56 7 18 17 71 86 84 83 40 90 19 45 32 24 93 65 22 26 89 13 53 59 67 8 15 16 82 25 62 37 52 70 66 10 12 6 68 58 3 85 20 14 91 97 49 54 51 27 60 61 73 99 78 44 47 23 38 96 46 35
TEST 64 ARG:69 37 8 89 74 83 39 15 72 25 21 62 54 10 73 58 32 47 70 55 86 4 5 90 23 44 53 77 45 33 24 26 30 22 60 19 96 65 3 84 75 52 2 34 57 63 61 35 38 42 7 93 76 68 51 79 16 14 17 67 36 88 46 87 18 40 95 85 50 71 1 13 56 48 20 91 66 59 78 0 11 12 97 98 94 28 27 80 81 99 92 41 43 49 31 29 9 6 82 64
TEST 64 ARG:69 37 8 89 74 83 39 15 72 25 21 62 54 10 73 58 32 47 70 55 86 4 5 90 23 44 53 77 45 33 24 26 30 22 60 19 96 65 3 84 75 52 2 34 57 63 61 35 38 42 7 93 76 68 51 79 16 14 17 67 36 88 46 87 18 40 95 85 50 71 1 13 56 48 20 91 66 59 78 0 11 12 97 98 94 28 27 80 81 99 92 41 43 49 31 29 9 6 82 64
TEST 65 ARG:85 92 93 21 33 73 64 94 84 32 97 88 89 0 7 18 34 43 81 12 80 14 63 86 53 31 19 29 8 60 42 52 66 69 95 16 72 67 1 68 96 48 44 27 37 74 30 78 5 38 39 26 65 3 90 99 4 11 56 13 41 35 6 57 79 45 50 58 55 71 91 15 83 20 59 76 28 9 47 87 25 24 40 77 36 10 46 61 54 2 75 22 17 51 23 62 49 70 98 82
TEST 65 ARG:85 92 93 21 33 73 64 94 84 32 97 88 89 0 7 18 34 43 81 12 80 14 63 86 53 31 19 29 8 60 42 52 66 69 95 16 72 67 1 68 96 48 44 27 37 74 30 78 5 38 39 26 65 3 90 99 4 11 56 13 41 35 6 57 79 45 50 58 55 71 91 15 83 20 59 76 28 9 47 87 25 24 40 77 36 10 46 61 54 2 75 22 17 51 23 62 49 70 98 82
TEST 66 ARG:12 2 54 61 32 47 29 68 8 27 94 77 24 13 87 59 17 1 79 92 21 76 46 50 91 58 35 63 96 36 14 56 78 62 75 6 16 73 9 52 74 42 99 51 43 70 53 89 37 86 38 33 40 18 34 39 7 30 57 5 72 55 23 44 11 69 3 22 93 31 4 90 88 60 25 67 45 95 20 85 98 41 97 19 28 84 15 71 64 65 80 83 10 82 81 66 0 26 49 48
TEST 66 ARG:12 2 54 61 32 47 29 68 8 27 94 77 24 13 87 59 17 1 79 92 21 76 46 50 91 58 35 63 96 36 14 56 78 62 75 6 16 73 9 52 74 42 99 51 43 70 53 89 37 86 38 33 40 18 34 39 7 30 57 5 72 55 23 44 11 69 3 22 93 31 4 90 88 60 25 67 45 95 20 85 98 41 97 19 28 84 15 71 64 65 80 83 10 82 81 66 0 26 49 48
TEST 67 ARG:56 25 33 52 2 8 4 30 9 13 45 86 71 16 83 76 28 22 70 74 94 77 41 14 63 7 29 24 61 85 17 32 57 20 3 55 66 37 0 54 44 26 31 60 72 23 68 84 40 49 64 93 78 48 99 38 92 18 58 47 36 88 12 67 82 19 51 90 97 65 75 11 42 98 62 15 50 59 91 81 35 46 96 95 53 34 27 1 21 69 39 43 80 79 5 10 87 89 6 73
TEST 67 ARG:56 25 33 52 2 8 4 30 9 13 45 86 71 16 83 76 28 22 70 74 94 77 41 14 63 7 29 24 61 85 17 32 57 20 3 55 66 37 0 54 44 26 31 60 72 23 68 84 40 49 64 93 78 48 99 38 92 18 58 47 36 88 12 67 82 19 51 90 97 65 75 11 42 98 62 15 50 59 91 81 35 46 96 95 53 34 27 1 21 69 39 43 80 79 5 10 87 89 6 73
TEST 68 ARG:10 70 2 54 7 80 1 20 11 77 19 58 43 45 53 91 6 83 52 34 74 68 13 66 5 90 55 99 51 18 0 63 29 50 42 56 62 39 32 78 93 97 17 71 82 22 44 3 14 28 33 95 89 61 21 84 79 98 81 36 67 65 60 48 41 73 47 30 94 24 31 85 75 9 88 92 72 37 23 12 40 46 59 25 26 86 27 57 76 35 64 49 16 69 15 87 38 4 96 8
TEST 68 ARG:10 70 2 54 7 80 1 20 11 77 19 58 43 45 53 91 6 83 52 34 74 68 13 66 5 90 55 99 51 18 0 63 29 50 42 56 62 39 32 78 93 97 17 71 82 22 44 3 14 28 33 95 89 61 21 84 79 98 81 36 67 65 60 48 41 73 47 30 94 24 31 85 75 9 88 92 72 37 23 12 40 46 59 25 26 86 27 57 76 35 64 49 16 69 15 87 38 4 96 8
TEST 69 ARG:82 99 16 83 50 3 25 24 29 84 5 57 69 7 76 52 85 80 91 61 10 35 37 71 60 72 40 95 34 86 13 47 45 8 89 62 78 75 20 77 41 55 2 38 90 4 53 32 68 6 64 15 54 30 22 49 87 94 39 66 18 9 98 42 46 58 31 36 56 74 43 33 73 12 97 11 23 67 79 28 93 96 65 48 88 26 1 14 51 27 21 17 44 19 0 81 59 70 63 92
TEST 69 ARG:82 99 16 83 50 3 25 24 29 84 5 57 69 7 76 52 85 80 91 61 10 35 37 71 60 72 40 95 34 86 13 47 45 8 89 62 78 75 20 77 41 55 2 38 90 4 53 32 68 6 64 15 54 30 22 49 87 94 39 66 18 9 98 42 46 58 31 36 56 74 43 33 73 12 97 11 23 67 79 28 93 96 65 48 88 26 1 14 51 27 21 17 44 19 0 81 59 70 63 92
TEST 70 ARG:64 50 58 26 61 29 8 71 22 33 25 72 13 49 23 41 28 24 96 14 46 63 6 44 68 90 40 95 55 32 92 78 86 53 59 88 34 93 89 81 77 82 47 80 97 66 67 38 30 18 2 65 70 98 85 54 7 60 11 5 76 75 35 73 91 51 12 56 42 31 74 99 43 52 20 94 87 4 3 0 10 62 37 27 15 16 36 79 21 9 84 17 19 1 48 39 83 45 57 69
TEST 70 ARG:64 50 58 26 61 29 8 71 22 33 25 72 13 49 23 41 28 24 96 14 46 63 6 44 68 90 40 95 55 32 92 78 86 53 59 88 34 93 89 81 77 82 47 80 97 66 67 38 30 18 2 65 70 98 85 54 7 60 11 5 76 75 35 73 91 51 12 56 42 31 74 99 43 52 20 94 87 4 3 0 10 62 37 27 15 16 36 79 21 9 84 17 19 1 48 39 83 45 57 69
TEST 71 ARG:32 83 69 34 65 93 44 85 62 40 19 67 75 74 39 36 76 29 70 31 27 48 37 14 55 77 50 72 33 13 95 91 73 41 24 58 81 53 47 2 26 45 38 6 49 82 68 64 35 22 15 23 87 57 52 0 46 99 18 21 30 97 20 98 86 17 88 16 96 4 8 79 9 71 42 12 25 78 56 1 92 90 63 11 5 60 28 84 7 3 89 66 51 54 43 61 59 80 10 94
TEST 71 ARG:32 83 69 34 65 93 44 85 62 40 19 67 75 74 39 36 76 29 70 31 27 48 37 14 55 77 50 72 33 13 95 91 73 41 24 58 81 53 47 2 26 45 38 6 49 82 68 64 35 22 15 23 87 57 52 0 46 99 18 21 30 97 20 98 86 17 88 16 96 4 8 79 9 71 42 12 25 78 56 1 92 90 63 11 5 60 28 84 7 3 89 66 51 54 43 61 59 80 10 94
TEST 72 ARG:97 13 52 85 4 69 55 53 88 99 92 14 10 70 34 9 0 95 86 37 20 84 57 94 22 32 17 40 51 81 29 2 83 19 35 76 15 8 24 75 73 11 44 26 82 96 87 59 65 63 43 38 30 80 74 71 79 78 7 5 56 21 50 91 64 16 23 1 58 25 12 60 72 18 3 89 77 42 27 46 31 48 68 66 61 36 47 54 28 67 90 33 98 62 49 41 39 45 6 93
TEST 72 ARG:97 13 52 85 4 69 55 53 88 99 92 14 10 70 34 9 0 95 86 37 20 84 57 94 22 32 17 40 51 81 29 2 83 19 35 76 15 8 24 75 73 11 44 26 82 96 87 59 65 63 43 38 30 80 74 71 79 78 7 5 56 21 50 91 64 16 23 1 58 25 12 60 72 18 3 89 77 42 27 46 31 48 68 66 61 36 47 54 28 67 90 33 98 62 49 41 39 45 6 93
TEST 73 ARG:66 41 28 56 29 88 33 54 50 38 91 79 12 78 22 96 2 26 49 84 65 87 86 18 80 92 0 45 36 32 10 48 44 4 25 24 85 46 76 63 5 75 8 52 58 1 67 90 14 42 68 53 71 16 55 93 6 89 98 61 15 35 27 64 94 72 30 83 81 97 13 43 51 74 11 69 77 7 39 59 60 21 95 23 40 57 82 37 73 17 20 3 62 47 9 19 99 70 31 34
TEST 73 ARG:66 41 28 56 29 88 33 54 50 38 91 79 12 78 22 96 2 26 49 84 65 87 86 18 80 92 0 45 36 32 10 48 44 4 25 24 85 46 76 63 5 75 8 52 58 1 67 90 14 42 68 53 71 16 55 93 6 89 98 61 15 35 27 64 94 72 30 83 81 97 13 43 51 74 11 69 77 7 39 59 60 21 95 23 40 57 82 37 73 17 20 3 62 47 9 19 99 70 31 34
TEST 74 ARG:81 38 12 72 27 63 42 85 8 87 52 78 34 89 83 68 98 91 13 17 48 40 24 73 71 9 11 16 25 23 55 29 64 82 57 65 76 60 39 20 18 43 26 35 28 31 0 93 10 21 14 90 15 62 77 22 7 88 4 37 44 80 96 51 2 70 86 97 1 92 67 36 94 30 79 99 66 45 3 53 46 6 32 69 33 19 58 74 59 61 56 47 50 41 84 5 75 95 49 54
TEST 74 ARG:81 38 12 72 27 63 42 85 8 87 52 78 34 89 83 68 98 91 13 17 48 40 24 73 71 9 11 16 25 23 55 29 64 82 57 65 76 60 39 20 18 43 26 35 28 31 0 93 10 21 14 90 15 62 77 22 7 88 4 37 44 80 96 51 2 70 86 97 1 92 67 36 94 30 79 99 66 45 3 53 46 6 32 69 33 19 58 74 59 61 56 47 50 41 84 5 75 95 49 54
TEST 75 ARG:17 16 71 47 11 46 48 78 20 61 1 88 99 85 38 73 5 86 84 79 4 67 72 49 83 54 58 25 26 80 28 94 70 23 74 76 59 13 95 51 82 69 0 33 45 91 9 15 81 37 8 40 65 34 35 41 30 18 57 19 63 3 55 93 39 96 27 97 98 29 44 56 22 75 12 36 60 87 32 92 53 62 43 68 10 66 90 24 6 21 14 31 64 89 42 50 7 77 52 2
TEST 75 ARG:17 16 71 47 11 46 48 78 20 61 1 88 99 85 38 73 5 86 84 79 4 67 72 49 83 54 58 25 26 80 28 94 70 23 74 76 59 13 95 51 82 69 0 33 45 91 9 15 81 37 8 40 65 34 35 41 30 18 57 19 63 3 55 93 39 96 27 97 98 29 44 56 22 75 12 36 60 87 32 92 53 62 43 68 10 66 90 24 6 21 14 31 64 89 42 50 7 77 52 2
TEST 76 ARG:63 24 22 29 2 32 68 8 60 1 4 66 47 7 44 6 42 69 54 38 70 99 96 95 43 15 62 36 17 56 57 72 80 33 21 34 89 50 41 73 16 35 93 77 30 85 3 23 51 11 83 0 90 79 87 71 46 86 64 14 20 97 5 59 67 92 84 58 40 61 75 31 91 27 28 18 53 45 52 37 81 13 74 26 12 49 76 94 25 98 48 10 9 55 78 88 82 19 39 65
TEST 76 ARG:63 24 22 29 2 32 68 8 60 1 4 66 47 7 44 6 42 69 54 38 70 99 96 95 43 15 62 36 17 56 57 72 80 33 21 34 89 50 41 73 16 35 93 77 30 85 3 23 51 11 83 0 90 79 87 71 46 86 64 14 20 97 5 59 67 92 84 58 40 61 75 31 91 27 28 18 53 45 52 37 81 13 74 26 12 49 76 94 25 98 48 10 9 55 78 88 82 19 39 65
TEST 77 ARG:2 79 75 73 89 4 51 92 86 48 96 95 21 7 90 37 23 57 24 29 19 87 28 76 40 12 39 25 5 91 83 15 98 61 26 72 69 34 46 33 32 20 74 78 84 8 27 43 22 30 77 63 18 67 47 65 81 45 16 1 36 17 60 94 82 38 6 93 80 49 53 56 54 41 11 14 71 52 88 42 58 31 35 55 85 0 13 3 50 10 9 70 64 97 44 99 59 66 68 62
TEST 77 ARG:2 79 75 73 89 4 51 92 86 48 96 95 21 7 90 37 23 57 24 29 19 87 28 76 40 12 39 25 5 91 83 15 98 61 26 72 69 34 46 33 32 20 74 78 84 8 27 43 22 30 77 63 18 67 47 65 81 45 16 1 36 17 60 94 82 38 6 93 80 49 53 56 54 41 11 14 71 52 88 42 58 31 35 55 85 0 13 3 50 10 9 70 64 97 44 99 59 66 68 62
TEST 78 ARG:55 82 3 0 39 6 52 80 5 98 43 41 85 32 86 91 13 25 96 77 19 84 97 35 65 76 20 78 92 71 83 26 31 74 56 16 48 87 58 81 47 22 7 14 50 72 8 1 12 45 99 54 90 79 38 11 75 33 64 62 70 49 9 23 67 10 37 88 53 66 57 34 17 40 30 27 4 59 51 94 29 46 15 24 68 60 42 2 18 28 36 63 44 73 89 61 93 21 95 69
TEST 78 ARG:55 82 3 0 39 6 52 80 5 98 43 41 85 32 86 91 13 25 96 77 19 84 97 35 65 76 20 78 92 71 83 26 31 74 56 16 48 87 58 81 47 22 7 14 50 72 8 1 12 45 99 54 90 79 38 11 75 33 64 62 70 49 9 23 67 10 37 88 53 66 57 34 17 40 30 27 4 59 51 94 29 46 15 24 68 60 42 2 18 28 36 63 44 73 89 61 93 21 95 69
TEST 79 ARG:58 49 91 32 30 98 78 80 41 90 57 33 1 64 7 63 47 3 89 12 25 77 85 66 67 50 55 84 56 37 13 48 14 86 79 71 88 29 92 87 81 26 97 44 59 39 99 21 61 18 45 82 11 73 93 6 54 94 43 9 4 65 28 53 52 96 5 10 62 95 72 27 15 24 8 38 51 36 20 2 40 16 69 0 22 17 42 70 83 34 31 60 35 19 23 46 68 74 75 76
TEST 79 ARG:58 49 91 32 30 98 78 80 41 90 57 33 1 64 7 63 47 3 89 12 25 77 85 66 67 50 55 84 56 37 13 48 14 86 79 71 88 29 92 87 81 26 97 44 59 39 99 21 61 18 45 82 11 73 93 6 54 94 43 9 4 65 28 53 52 96 5 10 62 95 72 27 15 24 8 38 51 36 20 2 40 16 69 0 22 17 42 70 83 34 31 60 35 19 23 46 68 74 75 76
TEST 80 ARG:12 36 78 70 11 10 94 13 90 74 99 80 18 5 81 37 4 21 66 68 61 23 65 92 47 53 45 89 63 67 86 93 3 75 27 96 22 28 19 1 59 44 79 33 95 49 98 77 88 85 42 56 8 38 46 6 43 82 62 69 87 73 60 2 54 31 9 55 97 48 14 76 83 20 32 0 41 51 26 30 24 91 25 64 29 40 16 58 34 84 7 39 57 71 72 52 50 15 35 17
TEST 80 ARG:12 36 78 70 11 10 94 13 90 74 99 80 18 5 81 37 4 21 66 68 61 23 65 92 47 53 45 89 63 67 86 93 3 75 27 96 22 28 19 1 59 44 79 33 95 49 98 77 88 85 42 56 8 38 46 6 43 82 62 69 87 73 60 2 54 31 9 55 97 48 14 76 83 20 32 0 41 51 26 30 24 91 25 64 29 40 16 58 34 84 7 39 57 71 72 52 50 15 35 17
TEST 81 ARG:57 88 6 32 61 30 0 27 25 64 9 36 16 3 40 51 44 43 26 12 86 77 99 4 82 89 28 76 46 59 71 56 45 2 41 68 34 48 42 92 65 8 85 54 81 63 38 53 62 19 21 83 14 96 22 93 20 7 58 91 29 52 47 79 37 15 74 78 35 23 80 24 10 87 75 95 17 13 1 5 97 55 73 60 18 49 90 84 31 33 69 39 66 98 94 70 50 72 11 67
TEST 81 ARG:57 88 6 32 61 30 0 27 25 64 9 36 16 3 40 51 44 43 26 12 86 77 99 4 82 89 28 76 46 59 71 56 45 2 41 68 34 48 42 92 65 8 85 54 81 63 38 53 62 19 21 83 14 96 22 93 20 7 58 91 29 52 47 79 37 15 74 78 35 23 80 24 10 87 75 95 17 13 1 5 97 55 73 60 18 49 90 84 31 33 69 39 66 98 94 70 50 72 11 67
TEST 82 ARG:98 14 10 96 80 85 23 87 38 43 55 91 99 53 8 17 41 73 46 51 65 33 50 13 4 86 79 11 7 56 19 68 20 83 27 49 97 34 76 82 70 0 2 94 42 16 12 32 5 61 29 95 93 36 88 31 77 37 64 15 59 40 57 39 81 62 60 90 9 22 58 75 6 47 67 21 69 45 71 89 28 74 26 54 30 24 35 48 44 63 84 92 78 3 1 52 72 18 66 25
TEST 82 ARG:98 14 10 96 80 85 23 87 38 43 55 91 99 53 8 17 41 73 46 51 65 33 50 13 4 86 79 11 7 56 19 68 20 83 27 49 97 34 76 82 70 0 2 94 42 16 12 32 5 61 29 95 93 36 88 31 77 37 64 15 59 40 57 39 81 62 60 90 9 22 58 75 6 47 67 21 69 45 71 89 28 74 26 54 30 24 35 48 44 63 84 92 78 3 1 52 72 18 66 25
TEST 83 ARG:70 55 13 20 27 97 48 35 24 81 38 18 32 40 23 64 49 86 94 63 11 58 43 7 50 98 8 69 4 19 3 2 34 26 14 15 83 82 95 90 28 17 47 62 72 30 57 71 51 68 44 31 61 41 52 91 5 0 85 67 96 21 89 65 99 16 74 88 1 75 59 37 80 39 42 12 46 29 76 9 78 22 77 93 79 36 92 54 56 87 53 25 60 10 73 66 45 84 33 6
TEST 83 ARG:70 55 13 20 27 97 48 35 24 81 38 18 32 40 23 64 49 86 94 63 11 58 43 7 50 98 8 69 4 19 3 2 34 26 14 15 83 82 95 90 28 17 47 62 72 30 57 71 51 68 44 31 61 41 52 91 5 0 85 67 96 21 89 65 99 16 74 88 1 75 59 37 80 39 42 12 46 29 76 9 78 22 77 93 79 36 92 54 56 87 53 25 60 10 73 66 45 84 33 6
TEST 84 ARG:38 39 68 30 58 23 32 94 80 43 47 69 10 8 25 0 15 19 86 7 74 18 91 1 12 84 41 61 62 96 13 71 56 27 89 66 75 54 28 70 49 45 79 24 97 92 29 81 34 51 42 60 33 73 21 6 83 35 48 53 5 98 11 78 55 76 82 72 99 50 46 40 90 3 16 88 87 95 64 9 17 31 2 59 63 37 65 93 44 67 20 36 52 57 85 14 26 77 22 4
TEST 84 ARG:38 39 68 30 58 23 32 94 80 43 47 69 10 8 25 0 15 19 86 7 74 18 91 1 12 84 41 61 62 96 13 71 56 27 89 66 75 54 28 70 49 45 79 24 97 92 29 81 34 51 42 60 33 73 21 6 83 35 48 53 5 98 11 78 55 76 82 72 99 50 46 40 90 3 16 88 87 95 64 9 17 31 2 59 63 37 65 93 44 67 20 36 52 57 85 14 26 77 22 4
TEST 85 ARG:7 54 35 93 26 99 47 49 58 45 96 52 50 84 87 91 65 40 2 89 44 85 95 9 63 22 98 36 74 90 19 16 78 25 72 61 56 81 94 76 92 8 3 30 71 57 68 34 13 42 59 0 37 97 43 5 20 64 29 28 46 18 55 24 51 80 73 27 62 77 88 11 70 48 23 1 10 75 14 82 17 39 86 12 33 69 66 32 38 31 53 15 4 67 41 21 83 6 79 60
TEST 85 ARG:7 54 35 93 26 99 47 49 58 45 96 52 50 84 87 91 65 40 2 89 44 85 95 9 63 22 98 36 74 90 19 16 78 25 72 61 56 81 94 76 92 8 3 30 71 57 68 34 13 42 59 0 37 97 43 5 20 64 29 28 46 18 55 24 51 80 73 27 62 77 88 11 70 48 23 1 10 75 14 82 17 39 86 12 33 69 66 32 38 31 53 15 4 67 41 21 83 6 79 60
TEST 86 ARG:10 68 98 75 70 57 91 74 67 5 88 21 27 40 60 97 81 71 37 28 78 95 35 54 85 72 83 93 44 66 19 47 1 2 80 59 45 61 76 22 86 82 87 77 39 73 49 94 13 50 34 15 23 90 51 96 0 65 24 55 8 18 58 12 63 11 52 33 41 84 26 92 25 6 64 99 69 16 89 30 79 14 3 38 29 42 53 20 31 46 4 43 7 32 36 56 9 17 48 62
TEST 86 ARG:10 68 98 75 70 57 91 74 67 5 88 21 27 40 60 97 81 71 37 28 78 95 35 54 85 72 83 93 44 66 19 47 1 2 80 59 45 61 76 22 86 82 87 77 39 73 49 94 13 50 34 15 23 90 51 96 0 65 24 55 8 18 58 12 63 11 52 33 41 84 26 92 25 6 64 99 69 16 89 30 79 14 3 38 29 42 53 20 31 46 4 43 7 32 36 56 9 17 48 62
TEST 87 ARG:5 57 58 99 18 23 29 14 95 27 74 25 54 48 3 44 17 13 78 20 93 39 26 94 9 76 72 30 61 52 65 34 85 6 12 28 16 98 96 73 2 92 46 66 64 87 79 1 69 49 88 35 86 33 59 11 32 41 38 75 40 47 45 8 43 63 80 0 62 90 55 37 24 82 56 91 81 83 70 42 7 31 71 4 97 67 89 19 21 68 22 15 51 60 77 36 53 84 10 50
TEST 87 ARG:5 57 58 99 18 23 29 14 95 27 74 25 54 48 3 44 17 13 78 20 93 39 26 94 9 76 72 30 61 52 65 34 85 6 12 28 16 98 96 73 2 92 46 66 64 87 79 1 69 49 88 35 86 33 59 11 32 41 38 75 40 47 45 8 43 63 80 0 62 90 55 37 24 82 56 91 81 83 70 42 7 31 71 4 97 67 89 19 21 68 22 15 51 60 77 36 53 84 10 50
TEST 88 ARG:76 87 13 92 2 85 49 8 47 14 18 67 58 55 66 1 94 43 69 70 25 90 60 74 80 27 24 52 30 17 37 50 64 21 5 26 19 54 68 23 12 28 98 82 32 93 72 6 56 84 3 31 35 73 62 91 86 59 29 44 38 61 16 71 81 7 77 36 83 95 20 97 39 22 40 75 65 4 0 63 34 53 10 88 15 96 89 79 9 48 41 78 11 51 33 46 45 42 57 99
TEST 88 ARG:76 87 13 92 2 85 49 8 47 14 18 67 58 55 66 1 94 43 69 70 25 90 60 74 80 27 24 52 30 17 37 50 64 21 5 26 19 54 68 23 12 28 98 82 32 93 72 6 56 84 3 31 35 73 62 91 86 59 29 44 38 61 16 71 81 7 77 36 83 95 20 97 39 22 40 75 65 4 0 63 34 53 10 88 15 96 89 79 9 48 41 78 11 51 33 46 45 42 57 99
TEST 89 ARG:62 83 30 39 36 48 88 87 64 53 45 82 24 3 23 21 90 13 80 66 59 57 95 54 35 6 84 44 1 56 18 25 40 85 99 60 2 0 70 7 86 75 69 71 63 20 10 81 26 65 92 78 94 52 16 51 32 68 34 76 91 73 9 31 28 72 22 50 11 79 49 58 47 77 8 37 17 27 41 19 12 33 89 67 42 38 93 15 74 46 14 98 29 55 43 97 4 5 96 61
TEST 89 ARG:62 83 30 39 36 48 88 87 64 53 45 82 24 3 23 21 90 13 80 66 59 57 95 54 35 6 84 44 1 56 18 25 40 85 99 60 2 0 70 7 86 75 69 71 63 20 10 81 26 65 92 78 94 52 16 51 32 68 34 76 91 73 9 31 28 72 22 50 11 79 49 58 47 77 8 37 17 27 41 19 12 33 89 67 42 38 93 15 74 46 14 98 29 55 43 97 4 5 96 61
TEST 90 ARG:80 41 34 89 65 42 36 27 94 47 88 81 53 9 73 25 3 84 45 49 40 76 78 92 56 86 16 79 52 68 0 28 74 20 61 48 51 12 30 97 1 66 46 26 43 82 29 5 60 95 90 35 71 33 4 14 37 69 18 55 70 8 96 98 50 54 13 93 17 59 77 87 72 32 57 91 83 2 39 6 7 64 19 58 31 24 38 63 44 22 15 10 67 75 99 21 85 23 62 11
TEST 90 ARG:80 41 34 89 65 42 36 27 94 47 88 81 53 9 73 25 3 84 45 49 40 76 78 92 56 86 16 79 52 68 0 28 74 20 61 48 51 12 30 97 1 66 46 26 43 82 29 5 60 95 90 35 71 33 4 14 37 69 18 55 70 8 96 98 50 54 13 93 17 59 77 87 72 32 57 91 83 2 39 6 7 64 19 58 31 24 38 63 44 22 15 10 67 75 99 21 85 23 62 11
TEST 91 ARG:82 84 55 38 71 15 40 37 8 27 66 69 0 92 3 21 52 33 70 16 10 31 45 86 61 57 58 34 83 90 41 18 28 56 22 39 1 12 2 53 9 75 19 64 29 63 46 23 35 72 74 42 62 76 65 24 47 4 54 67 97 25 44 87 77 80 93 50 20 98 68 95 59 13 43 96 11 49 36 73 78 99 85 89 60 26 7 94 32 14 48 17 81 6 5 88 79 30 91 51
TEST 91 ARG:82 84 55 38 71 15 40 37 8 27 66 69 0 92 3 21 52 33 70 16 10 31 45 86 61 57 58 34 83 90 41 18 28 56 22 39 1 12 2 53 9 75 19 64 29 63 46 23 35 72 74 42 62 76 65 24 47 4 54 67 97 25 44 87 77 80 93 50 20 98 68 95 59 13 43 96 11 49 36 73 78 99 85 89 60 26 7 94 32 14 48 17 81 6 5 88 79 30 91 51
TEST 92 ARG:7 97 90 17 9 61 55 46 25 4 74 80 88 18 59 81 28 52 11 10 15 42 95 0 48 54 22 69 19 65 20 2 37 44 3 78 34 32 30 31 49 40 71 8 50 47 29 27 75 45 92 94 39 60 72 82 1 70 53 14 12 64 23 51 67 91 41 66 43 38 35 93 73 68 62 99 87 96 63 26 86 6 85 33 89 21 58 76 98 79 5 13 83 24 84 16 56 57 36 77
TEST 92 ARG:7 97 90 17 9 61 55 46 25 4 74 80 88 18 59 81 28 52 11 10 15 42 95 0 48 54 22 69 19 65 20 2 37 44 3 78 34 32 30 31 49 40 71 8 50 47 29 27 75 45 92 94 39 60 72 82 1 70 53 14 12 64 23 51 67 91 41 66 43 38 35 93 73 68 62 99 87 96 63 26 86 6 85 33 89 21 58 76 98 79 5 13 83 24 84 16 56 57 36 77
TEST 93 ARG:36 37 97 85 2 64 42 60 49 13 1 83 74 58 6 61 32 59 50 62 69 15 24 52 14 86 45 68 12 19 51 46 30 27 91 10 84 70 18 39 63 3 55 31 90 8 21 80 71 29 95 92 40 34 4 54 5 25 87 16 53 96 9 98 67 26 73 7 72 35 48 23 0 44 20 88 38 81 89 79 57 94 65 76 77 75 43 41 56 47 99 22 11 33 17 93 82 78 28 66
TEST 93 ARG:36 37 97 85 2 64 42 60 49 13 1 83 74 58 6 61 32 59 50 62 69 15 24 52 14 86 45 68 12 19 51 46 30 27 91 10 84 70 18 39 63 3 55 31 90 8 21 80 71 29 95 92 40 34 4 54 5 25 87 16 53 96 9 98 67 26 73 7 72 35 48 23 0 44 20 88 38 81 89 79 57 94 65 76 77 75 43 41 56 47 99 22 11 33 17 93 82 78 28 66
TEST 94 ARG:33 41 67 63 84 77 93 56 98 73 29 83 31 0 49 25 43 50 20 38 21 23 11 54 55 97 35 91 9 76 51 8 61 47 66 14 30 60 85 64 70 53 24 99 6 37 78 34 32 52 81 62 87 95 28 89 72 82 19 22 45 17 10 26 39 86 3 68 36 58 96 12 57 40 27 2 75 59 7 42 71 69 65 5 16 18 46 90 1 74 13 80 4 48 44 92 79 94 88 15
TEST 94 ARG:33 41 67 63 84 77 93 56 98 73 29 83 31 0 49 25 43 50 20 38 21 23 11 54 55 97 35 91 9 76 51 8 61 47 66 14 30 60 85 64 70 53 24 99 6 37 78 34 32 52 81 62 87 95 28 89 72 82 19 22 45 17 10 26 39 86 3 68 36 58 96 12 57 40 27 2 75 59 7 42 71 69 65 5 16 18 46 90 1 74 13 80 4 48 44 92 79 94 88 15
TEST 95 ARG:3 92 19 35 20 4 10 72 56 78 85 44 27 83 99 90 75 11 39 0 31 87 61 84 58 73 63 76 30 49 98 54 18 21 9 50 17 74 88 47 77 23 33 66 34 5 16 37 93 38 51 53 22 86 71 70 14 28 40 59 36 65 81 52 68 7 45 62 89 32 1 29 96 67 57 69 26 12 82 79 24 48 60 25 2 8 43 13 95 55 97 94 6 15 46 42 64 80 91 41
TEST 95 ARG:3 92 19 35 20 4 10 72 56 78 85 44 27 83 99 90 75 11 39 0 31 87 61 84 58 73 63 76 30 49 98 54 18 21 9 50 17 74 88 47 77 23 33 66 34 5 16 37 93 38 51 53 22 86 71 70 14 28 40 59 36 65 81 52 68 7 45 62 89 32 1 29 96 67 57 69 26 12 82 79 24 48 60 25 2 8 43 13 95 55 97 94 6 15 46 42 64 80 91 41
TEST 96 ARG:19 56 71 7 41 93 54 77 1 70 42 86 75 20 23 50 4 29 85 28 81 72 82 79 0 91 46 49 40 13 2 66 64 55 87 5 25 65 89 44 14 69 83 35 92 33 39 24 17 78 80 95 9 60 52 48 98 67 38 16 43 32 97 63 59 62 73 68 15 8 51 36 30 34 58 88 76 27 96 84 57 94 6 26 90 11 47 37 22 74 53 21 45 3 61 31 99 18 10 12
TEST 96 ARG:19 56 71 7 41 93 54 77 1 70 42 86 75 20 23 50 4 29 85 28 81 72 82 79 0 91 46 49 40 13 2 66 64 55 87 5 25 65 89 44 14 69 83 35 92 33 39 24 17 78 80 95 9 60 52 48 98 67 38 16 43 32 97 63 59 62 73 68 15 8 51 36 30 34 58 88 76 27 96 84 57 94 6 26 90 11 47 37 22 74 53 21 45 3 61 31 99 18 10 12
TEST 97 ARG:44 15 99 37 65 71 96 53 81 12 87 50 17 25 31 34 56 42 21 64 30 20 46 3 66 95 29 60 80 55 11 78 77 70 92 75 86 5 23 4 40 68 18 0 7 61 69 14 32 54 16 79 90 41 94 67 88 9 76 35 51 91 52 73 93 84 57 45 1 43 58 62 83 6 38 89 98 97 48 10 24 8 26 82 72 39 22 19 74 13 59 36 49 33 28 47 2 85 63 27
TEST 97 ARG:44 15 99 37 65 71 96 53 81 12 87 50 17 25 31 34 56 42 21 64 30 20 46 3 66 95 29 60 80 55 11 78 77 70 92 75 86 5 23 4 40 68 18 0 7 61 69 14 32 54 16 79 90 41 94 67 88 9 76 35 51 91 52 73 93 84 57 45 1 43 58 62 83 6 38 89 98 97 48 10 24 8 26 82 72 39 22 19 74 13 59 36 49 33 28 47 2 85 63 27
TEST 98 ARG:0 67 7 5 72 84 6 1 22 63 37 64 50 56 82 30 35 32 34 61 49 36 98 69 81 89 68 95 2 51 77 3 91 11 38 90 48 31 66 94 20 39 42 33 65 9 85 46 16 83 8 15 43 73 19 87 21 76 27 28 4 88 14 80 62 75 99 71 41 18 12 70 58 13 45 97 47 40 52 29 25 10 24 55 79 17 92 26 23 96 93 59 44 60 74 86 57 54 53 78
TEST 98 ARG:0 67 7 5 72 84 6 1 22 63 37 64 50 56 82 30 35 32 34 61 49 36 98 69 81 89 68 95 2 51 77 3 91 11 38 90 48 31 66 94 20 39 42 33 65 9 85 46 16 83 8 15 43 73 19 87 21 76 27 28 4 88 14 80 62 75 99 71 41 18 12 70 58 13 45 97 47 40 52 29 25 10 24 55 79 17 92 26 23 96 93 59 44 60 74 86 57 54 53 78
TEST 99 ARG:24 19 3 28 22 74 80 89 55 25 91 63 17 10 1 8 84 34 78 31 38 43 97 2 93 90 46 14 77 0 61 56 6 79 68 69 66 35 71 50 40 54 44 20 11 37 30 18 49 76 5 98 59 87 67 41 64 85 13 83 7 99 60 86 94 4 72 16 81 47 23 82 96 33 32 36 39 48 9 26 73 12 62 65 51 58 27 53 15 88 52 45 57 29 21 95 92 70 42 75
TEST 99 ARG:24 19 3 28 22 74 80 89 55 25 91 63 17 10 1 8 84 34 78 31 38 43 97 2 93 90 46 14 77 0 61 56 6 79 68 69 66 35 71 50 40 54 44 20 11 37 30 18 49 76 5 98 59 87 67 41 64 85 13 83 7 99 60 86 94 4 72 16 81 47 23 82 96 33 32 36 39 48 9 26 73 12 62 65 51 58 27 53 15 88 52 45 57 29 21 95 92 70 42 75
TEST 100 ARG:30 5 44 19 35 64 96 85 80 67 69 42 66 72 99 68 23 47 48 17 94 50 14 25 51 31 54 58 8 9 10 61 60 0 57 52 12 45 1 75 87 76 21 3 81 18 36 56 53 2 41 98 95 79 22 86 32 49 88 62 39 77 83 59 73 34 27 6 78 16 28 74 15 84 20 82 71 46 7 63 97 91 38 92 40 33 26 43 11 13 37 93 4 90 55 29 89 24 65 70
TEST 100 ARG:30 5 44 19 35 64 96 85 80 67 69 42 66 72 99 68 23 47 48 17 94 50 14 25 51 31 54 58 8 9 10 61 60 0 57 52 12 45 1 75 87 76 21 3 81 18 36 56 53 2 41 98 95 79 22 86 32 49 88 62 39 77 83 59 73 34 27 6 78 16 28 74 15 84 20 82 71 46 7 63 97 91 38 92 40 33 26 43 11 13 37 93 4 90 55 29 89 24 65 70
TEST 101 ARG:48 76 54 65 46 19 71 61 47 8 26 81 91 50 92 27 25 70 43 93 16 6 59 80 40 41 55 44 22 30 42 1 13 49 79 34 84 24 77 21 3 78 29 66 69 86 62 12 4 64 98 18 31 96 88 53 97 17 67 28 38 37 9 56 83 72 94 2 58 52 82 39 95 11 32 23 60 74 57 33 89 36 15 7 99 75 73 51 5 63 0 10 87 14 45 85 90 20 35 68
TEST 101 ARG:48 76 54 65 46 19 71 61 47 8 26 81 91 50 92 27 25 70 43 93 16 6 59 80 40 41 55 44 22 30 42 1 13 49 79 34 84 24 77 21 3 78 29 66 69 86 62 12 4 64 98 18 31 96 88 53 97 17 67 28 38 37 9 56 83 72 94 2 58 52 82 39 95 11 32 23 60 74 57 33 89 36 15 7 99 75 73 51 5 63 0 10 87 14 45 85 90 20 35 68
TEST 102 ARG:63 15 19 91 88 68 3 80 66 94 85 67 49 33 75 53 46 61 5 13 71 22 10 96 59 52 2 81 36 31 70 34 44 0 38 62 84 77 58 1 32 6 35 72 64 4 82 76 99 74 41 17 40 92 14 8 98 11 29 90 37 12 7 83 86 73 97 43 89 50 54 23 78 27 16 57 28 51 48 55 18 87 20 65 93 56 60 26 25 95 42 9 30 21 45 47 69 79 24 39
TEST 102 ARG:63 15 19 91 88 68 3 80 66 94 85 67 49 33 75 53 46 61 5 13 71 22 10 96 59 52 2 81 36 31 70 34 44 0 38 62 84 77 58 1 32 6 35 72 64 4 82 76 99 74 41 17 40 92 14 8 98 11 29 90 37 12 7 83 86 73 97 43 89 50 54 23 78 27 16 57 28 51 48 55 18 87 20 65 93 56 60 26 25 95 42 9 30 21 45 47 69 79 24 39
TEST 103 ARG:72 5 85 23 14 93 19 65 98 75 52 27 2 71 15 82 40 51 35 46 78 64 34 90 31 29 55 97 59 22 1 89 70 13 79 76 61 47 58 36 95 32 21 86 16 54 39 20 84 41 44 17 62 68 4 92 81 0 49 53 12 7 94 73 83 87 24 25 74 37 6 26 88 63 57 50 96 69 67 8 80 28 77 11 45 9 56 99 43 91 42 48 38 33 30 3 60 10 66 18
TEST 103 ARG:72 5 85 23 14 93 19 65 98 75 52 27 2 71 15 82 40 51 35 46 78 64 34 90 31 29 55 97 59 22 1 89 70 13 79 76 61 47 58 36 95 32 21 86 16 54 39 20 84 41 44 17 62 68 4 92 81 0 49 53 12 7 94 73 83 87 24 25 74 37 6 26 88 63 57 50 96 69 67 8 80 28 77 11 45 9 56 99 43 91 42 48 38 33 30 3 60 10 66 18
TEST 104 ARG:65 18 85 83 90 59 47 76 72 13 36 37 16 10 5 57 51 94 99 28 32 39 21 38 89 49 61 92 30 69 71 53 8 42 98 3 63 50 2 19 82 66 97 12 11 9 56 24 52 34 48 0 1 77 25 33 75 88 62 78 40 44 93 80 91 17 60 26 31 45 87 81 14 73 43 95 96 27 6 35 4 79 15 7 74 70 55 20 23 22 41 67 58 64 68 46 54 84 86 29
TEST 104 ARG:65 18 85 83 90 59 47 76 72 13 36 37 16 10 5 57 51 94 99 28 32 39 21 38 89 49 61 92 30 69 71 53 8 42 98 3 63 50 2 19 82 66 97 12 11 9 56 24 52 34 48 0 1 77 25 33 75 88 62 78 40 44 93 80 91 17 60 26 31 45 87 81 14 73 43 95 96 27 6 35 4 79 15 7 74 70 55 20 23 22 41 67 58 64 68 46 54 84 86 29
TEST 105 ARG:76 79 88 69 41 35 60 1 98 54 87 52 85 36 81 6 89 92 3 22 8 17 43 99 63 73 65 42 90 72 40 68 82 18 48 46 66 91 84 7 29 37 95 94 10 5 56 15 34 75 4 32 13 71 58 12 51 70 23 21 64 96 11 93 86 57 19 45 67 78 14 20 77 59 74 26 0 50 38 27 9 53 25 31 33 30 47 16 83 44 62 97 28 24 49 2 80 39 61 55
TEST 105 ARG:76 79 88 69 41 35 60 1 98 54 87 52 85 36 81 6 89 92 3 22 8 17 43 99 63 73 65 42 90 72 40 68 82 18 48 46 66 91 84 7 29 37 95 94 10 5 56 15 34 75 4 32 13 71 58 12 51 70 23 21 64 96 11 93 86 57 19 45 67 78 14 20 77 59 74 26 0 50 38 27 9 53 25 31 33 30 47 16 83 44 62 97 28 24 49 2 80 39 61 55
TEST 106 ARG:78 31 5 58 26 92 2 99 98 71 10 15 72 24 62 21 59 67 70 41 23 85 63 57 56 40 22 89 77 13 48 74 69 32 11 73 49 6 16 82 81 3 4 45 91 14 66 25 97 0 96 65 93 88 60 61 42 68 36 20 53 75 12 34 33 8 87 30 39 83 37 38 7 52 94 46 19 35 54 86 43 55 29 76 44 50 47 51 80 1 17 18 9 27 84 90 64 79 28 95
TEST 106 ARG:78 31 5 58 26 92 2 99 98 71 10 15 72 24 62 21 59 67 70 41 23 85 63 57 56 40 22 89 77 13 48 74 69 32 11 73 49 6 16 82 81 3 4 45 91 14 66 25 97 0 96 65 93 88 60 61 42 68 36 20 53 75 12 34 33 8 87 30 39 83 37 38 7 52 94 46 19 35 54 86 43 55 29 76 44 50 47 51 80 1 17 18 9 27 84 90 64 79 28 95
TEST 107 ARG:69 41 44 29 84 76 47 28 4 33 50 53 98 14 89 51 25 1 42 86 91 24 30 83 13 18 73 85 54 97 64 39 40 34 90 68 8 36 72 71 74 0 43 87 46 66 78 79 75 49 70 96 81 27 58 22 62 15 37 6 80 11 94 55 38 63 31 56 19 10 35 21 48 12 23 95 5 59 52 7 60 99 82 77 88 26 93 9 65 2 67 16 32 3 92 61 57 17 45 20
TEST 107 ARG:69 41 44 29 84 76 47 28 4 33 50 53 98 14 89 51 25 1 42 86 91 24 30 83 13 18 73 85 54 97 64 39 40 34 90 68 8 36 72 71 74 0 43 87 46 66 78 79 75 49 70 96 81 27 58 22 62 15 37 6 80 11 94 55 38 63 31 56 19 10 35 21 48 12 23 95 5 59 52 7 60 99 82 77 88 26 93 9 65 2 67 16 32 3 92 61 57 17 45 20
TEST 108 ARG:25 79 49 27 58 62 21 30 14 68 52 34 26 44 23 50 92 65 96 57 77 95 42 88 38 63 94 7 61 29 37 85 12 31 36 53 46 74 3 43 2 20 47 76 72 8 16 41 97 32 84 56 73 70 17 18 78 0 15 55 35 39 64 5 1 51 80 33 54 60 82 48 71 11 83 28 4 81 75 91 9 45 22 66 99 40 10 86 93 87 67 89 6 13 69 19 98 59 90 24
TEST 108 ARG:25 79 49 27 58 62 21 30 14 68 52 34 26 44 23 50 92 65 96 57 77 95 42 88 38 63 94 7 61 29 37 85 12 31 36 53 46 74 3 43 2 20 47 76 72 8 16 41 97 32 84 56 73 70 17 18 78 0 15 55 35 39 64 5 1 51 80 33 54 60 82 48 71 11 83 28 4 81 75 91 9 45 22 66 99 40 10 86 93 87 67 89 6 13 69 19 98 59 90 24
TEST 109 ARG:94 19 23 66 37 12 21 18 80 95 70 85 48 25 39 11 64 24 54 90 38 75 91 35 44 33 74 88 63 76 30 22 83 97 4 46 51 7 58 69 96 26 49 81 68 99 5 20 1 65 15 86 62 36 72 89 29 84 16 34 0 2 92 45 41 9 52 27 61 28 67 50 93 6 55 14 47 87 10 59 31 79 73 40 43 77 53 8 98 82 56 32 42 60 13 3 78 57 17 71
TEST 109 ARG:94 19 23 66 37 12 21 18 80 95 70 85 48 25 39 11 64 24 54 90 38 75 91 35 44 33 74 88 63 76 30 22 83 97 4 46 51 7 58 69 96 26 49 81 68 99 5 20 1 65 15 86 62 36 72 89 29 84 16 34 0 2 92 45 41 9 52 27 61 28 67 50 93 6 55 14 47 87 10 59 31 79 73 40 43 77 53 8 98 82 56 32 42 60 13 3 78 57 17 71
TEST 110 ARG:81 79 70 28 5 45 0 17 43 58 24 60 46 93 61 54 42 29 35 31 90 25 10 74 84 47 7 9 96 20 87 91 75 77 63 97 57 94 34 55 48 72 16 30 98 15 44 83 62 53 82 1 2 36 14 66 22 69 26 80 99 37 41 67 89 27 23 8 12 18 3 76 4 50 88 38 56 52 86 78 71 92 21 39 59 51 73 64 13 65 95 85 33 68 11 49 19 40 6 32
TEST 110 ARG:81 79 70 28 5 45 0 17 43 58 24 60 46 93 61 54 42 29 35 31 90 25 10 74 84 47 7 9 96 20 87 91 75 77 63 97 57 94 34 55 48 72 16 30 98 15 44 83 62 53 82 1 2 36 14 66 22 69 26 80 99 37 41 67 89 27 23 8 12 18 3 76 4 50 88 38 56 52 86 78 71 92 21 39 59 51 73 64 13 65 95 85 33 68 11 49 19 40 6 32
TEST 111 ARG:80 49 40 79 84 54 76 74 63 24 21 20 51 13 52 11 57 46 22 50 12 66 2 96 58 38 30 7 6 92 73 72 69 81 94 82 91 42 55 14 4 56 64 29 71 9 0 33 77 37 83 86 1 35 27 16 15 34 99 36 23 95 3 87 78 25 70 89 53 43 85 97 59 88 31 18 8 67 19 5 75 26 68 60 44 93 61 39 32 17 48 98 65 10 62 41 45 28 90 47
TEST 111 ARG:80 49 40 79 84 54 76 74 63 24 21 20 51 13 52 11 57 46 22 50 12 66 2 96 58 38 30 7 6 92 73 72 69 81 94 82 91 42 55 14 4 56 64 29 71 9 0 33 77 37 83 86 1 35 27 16 15 34 99 36 23 95 3 87 78 25 70 89 53 43 85 97 59 88 31 18 8 67 19 5 75 26 68 60 44 93 61 39 32 17 48 98 65 10 62 41 45 28 90 47
TEST 112 ARG:80 65 51 74 93 19 31 41 46 8 63 66 29 88 96 57 68 26 22 34 50 1 32 59 21 79 27 25 12 33 20 64 69 83 78 30 77 16 43 54 28 10 99 15 45 58 37 40 62 86 87 44 85 90 70 17 18 56 61 23 42 75 89 67 84 14 72 95 81 4 60 2 52 76 7 13 49 38 98 47 6 55 94 71 73 5 91 82 48 36 39 11 35 97 0 9 92 3 24 53
TEST 112 ARG:80 65 51 74 93 19 31 41 46 8 63 66 29 88 96 57 68 26 22 34 50 1 32 59 21 79 27 25 12 33 20 64 69 83 78 30 77 16 43 54 28 10 99 15 45 58 37 40 62 86 87 44 85 90 70 17 18 56 61 23 42 75 89 67 84 14 72 95 81 4 60 2 52 76 7 13 49 38 98 47 6 55 94 71 73 5 91 82 48 36 39 11 35 97 0 9 92 3 24 53
TEST 113 ARG:76 79 38 63 78 62 16 43 85 66 80 49 96 93 58 4 6 35 82 25 87 86 17 60 89 39 83 52 92 34 45 61 40 11 95 5 22 69 24 44 9 70 57 64 37 10 27 81 65 23 55 51 8 71 48 41 2 75 20 46 3 91 68 84 77 29 1 12 28 99 13 98 90 30 19 7 88 21 33 72 97 94 74 42 15 67 50 26 18 53 47 56 31 14 54 0 59 32 36 73
TEST 113 ARG:76 79 38 63 78 62 16 43 85 66 80 49 96 93 58 4 6 35 82 25 87 86 17 60 89 39 83 52 92 34 45 61 40 11 95 5 22 69 24 44 9 70 57 64 37 10 27 81 65 23 55 51 8 71 48 41 2 75 20 46 3 91 68 84 77 29 1 12 28 99 13 98 90 30 19 7 88 21 33 72 97 94 74 42 15 67 50 26 18 53 47 56 31 14 54 0 59 32 36 73
TEST 114 ARG:1 29 23 59 96 60 70 73 61 87 8 78 12 56 75 82 37 77 54 55 13 15 52 84 38 3 21 6 49 80 14 28 86 91 98 44 20 93 95 17 57 76 74 24 25 48 26 31 69 11 71 51 68 67 19 81 30 18 99 7 2 16 22 94 40 33 32 64 83 85 50 63 39 65 92 89 42 36 62 43 4 5 72 90 88 10 34 97 45 79 0 41 66 35 9 47 46 27 58 53
TEST 114 ARG:1 29 23 59 96 60 70 73 61 87 8 78 12 56 75 82 37 77 54 55 13 15 52 84 38 3 21 6 49 80 14 28 86 91 98 44 20 93 95 17 57 76 74 24 25 48 26 31 69 11 71 51 68 67 19 81 30 18 99 7 2 16 22 94 40 33 32 64 83 85 50 63 39 65 92 89 42 36 62 43 4 5 72 90 88 10 34 97 45 79 0 41 66 35 9 47 46 27 58 53
TEST 115 ARG:85 44 32 22 82 2 96 67 74 0 54 83 15 40 77 5 29 95 71 23 45 57 35 51 93 64 8 91 86 52 75 43 49 76 55 73 37 4 80 24 19 9 14 56 34 46 87 62 7 10 27 66 70 28 98 12 94 48 69 79 68 1 92 20 30 11 60 99 36 3 84 90 58 31 53 25 88 21 89 16 59 6 61 97 18 72 17 42 81 13 39 26 41 63 65 50 38 33 47 78
TEST 115 ARG:85 44 32 22 82 2 96 67 74 0 54 83 15 40 77 5 29 95 71 23 45 57 35 51 93 64 8 91 86 52 75 43 49 76 55 73 37 4 80 24 19 9 14 56 34 46 87 62 7 10 27 66 70 28 98 12 94 48 69 79 68 1 92 20 30 11 60 99 36 3 84 90 58 31 53 25 88 21 89 16 59 6 61 97 18 72 17 42 81 13 39 26 41 63 65 50 38 33 47 78
TEST 116 ARG:48 68 28 7 18 82 73 67 33 16 50 43 60 61 47 55 44 41 58 38 1 51 79 2 76 8 91 97 35 54 66 34 10 31 96 36 62 78 29 89 93 22 6 14 13 26 19 71 92 21 30 56 42 27 17 59 9 5 23 85 84 49 70 72 98 39 46 80 45 75 52 95 86 32 77 40 81 4 99 37 20 12 3 15 24 11 69 53 64 87 0 74 25 63 88 90 65 83 94 57
TEST 116 ARG:48 68 28 7 18 82 73 67 33 16 50 43 60 61 47 55 44 41 58 38 1 51 79 2 76 8 91 97 35 54 66 34 10 31 96 36 62 78 29 89 93 22 6 14 13 26 19 71 92 21 30 56 42 27 17 59 9 5 23 85 84 49 70 72 98 39 46 80 45 75 52 95 86 32 77 40 81 4 99 37 20 12 3 15 24 11 69 53 64 87 0 74 25 63 88 90 65 83 94 57
TEST 117 ARG:30 44 41 35 90 96 84 8 77 38 43 94 91 6 73 37 12 95 98 89 92 13 18 0 86 65 72 54 62 29 58 55 36 14 17 85 49 50 32 79 31 20 59 99 75 1 74 93 78 21 70 47 22 71 83 97 64 3 56 33 2 34 11 82 39 46 87 63 15 27 5 57 19 45 53 25 26 80 81 4 61 60 67 52 76 23 68 24 16 48 40 42 66 9 10 69 51 7 28 88
TEST 117 ARG:30 44 41 35 90 96 84 8 77 38 43 94 91 6 73 37 12 95 98 89 92 13 18 0 86 65 72 54 62 29 58 55 36 14 17 85 49 50 32 79 31 20 59 99 75 1 74 93 78 21 70 47 22 71 83 97 64 3 56 33 2 34 11 82 39 46 87 63 15 27 5 57 19 45 53 25 26 80 81 4 61 60 67 52 76 23 68 24 16 48 40 42 66 9 10 69 51 7 28 88
TEST 118 ARG:11 81 25 94 6 65 54 23 98 7 77 70 49 71 52 51 5 91 13 34 31 36 44 97 26 96 40 24 20 73 59 2 47 53 27 8 43 21 29 75 76 88 64 37 84 60 67 82 79 46 62 18 15 30 50 69 10 61 93 39 4 1 72 14 28 16 45 19 48 56 22 0 3 89 78 32 63 41 83 57 92 58 74 80 68 55 95 9 85 66 38 42 12 90 35 87 86 33 17 99
TEST 118 ARG:11 81 25 94 6 65 54 23 98 7 77 70 49 71 52 51 5 91 13 34 31 36 44 97 26 96 40 24 20 73 59 2 47 53 27 8 43 21 29 75 76 88 64 37 84 60 67 82 79 46 62 18 15 30 50 69 10 61 93 39 4 1 72 14 28 16 45 19 48 56 22 0 3 89 78 32 63 41 83 57 92 58 74 80 68 55 95 9 85 66 38 42 12 90 35 87 86 33 17 99
TEST 119 ARG:95 68 89 28 19 29 74 1 51 0 24 55 49 78 37 98 54 59 43 40 45 46 21 11 8 88 77 13 16 86 94 57 58 15 4 48 10 70 60 44 30 82 31 76 63 85 34 93 9 22 53 72 67 14 92 97 47 42 99 41 20 39 38 65 33 73 64 36 56 69 96 32 6 25 5 12 27 87 81 75 18 66 17 26 7 62 23 3 2 80 35 83 91 52 90 84 50 61 79 71
TEST 119 ARG:95 68 89 28 19 29 74 1 51 0 24 55 49 78 37 98 54 59 43 40 45 46 21 11 8 88 77 13 16 86 94 57 58 15 4 48 10 70 60 44 30 82 31 76 63 85 34 93 9 22 53 72 67 14 92 97 47 42 99 41 20 39 38 65 33 73 64 36 56 69 96 32 6 25 5 12 27 87 81 75 18 66 17 26 7 62 23 3 2 80 35 83 91 52 90 84 50 61 79 71
TEST 120 ARG:83 41 20 25 36 88 96 76 26 66 70 51 23 6 63 72 90 43 57 2 99 48 64 40 29 89 8 30 16 34 85 77 17 44 56 19 3 86 42 95 62 27 73 65 59 53 92 37 80 24 35 47 58 28 18 71 93 94 10 45 87 68 11 13 55 79 32 91 46 14 50 49 74 98 97 67 61 0 1 38 7 33 82 22 39 15 69 31 21 9 5 75 12 81 60 54 78 84 4 52
TEST 120 ARG:83 41 20 25 36 88 96 76 26 66 70 51 23 6 63 72 90 43 57 2 99 48 64 40 29 89 8 30 16 34 85 77 17 44 56 19 3 86 42 95 62 27 73 65 59 53 92 37 80 24 35 47 58 28 18 71 93 94 10 45 87 68 11 13 55 79 32 91 46 14 50 49 74 98 97 67 61 0 1 38 7 33 82 22 39 15 69 31 21 9 5 75 12 81 60 54 78 84 4 52
TEST 121 ARG:20 1 50 29 40 7 21 71 37 63 23 84 80 46 81 28 16 65 48 11 73 45 26 98 85 68 64 69 93 59 51 62 15 75 58 92 32 60 66 27 56 97 52 89 49 72 13 18 79 9 22 70 2 8 82 3 78 76 53 87 74 90 25 38 86 43 0 10 17 88 77 5 47 83 36 14 34 42 6 41 61 4 57 91 35 12 96 54 31 19 30 55 39 95 33 24 99 44 67 94
TEST 121 ARG:20 1 50 29 40 7 21 71 37 63 23 84 80 46 81 28 16 65 48 11 73 45 26 98 85 68 64 69 93 59 51 62 15 75 58 92 32 60 66 27 56 97 52 89 49 72 13 18 79 9 22 70 2 8 82 3 78 76 53 87 74 90 25 38 86 43 0 10 17 88 77 5 47 83 36 14 34 42 6 41 61 4 57 91 35 12 96 54 31 19 30 55 39 95 33 24 99 44 67 94
TEST 122 ARG:2 85 63 88 51 6 27 7 57 66 32 59 50 29 70 73 45 8 24 79 56 60 23 95 42 86 9 16 46 77 67 96 37 90 19 80 30 41 34 87 12 15 26 49 18 47 43 98 4 72 78 55 83 69 64 92 89 20 91 40 58 25 62 52 68 28 97 10 44 75 1 54 11 99 82 13 3 65 76 48 22 71 61 93 21 14 5 36 94 0 33 84 38 39 74 35 81 31 53 17
TEST 122 ARG:2 85 63 88 51 6 27 7 57 66 32 59 50 29 70 73 45 8 24 79 56 60 23 95 42 86 9 16 46 77 67 96 37 90 19 80 30 41 34 87 12 15 26 49 18 47 43 98 4 72 78 55 83 69 64 92 89 20 91 40 58 25 62 52 68 28 97 10 44 75 1 54 11 99 82 13 3 65 76 48 22 71 61 93 21 14 5 36 94 0 33 84 38 39 74 35 81 31 53 17
TEST 123 ARG:35 62 0 5 52 60 80 68 9 77 10 85 94 75 2 63 8 49 82 7 93 3 45 97 72 23 87 19 96 18 42 11 38 34 90 44 92 26 89 95 57 59 74 20 67 54 81 56 47 6 37 40 69 70 28 33 30 17 4 31 76 32 53 84 41 91 14 78 73 22 98 64 27 58 36 39 48 25 61 15 43 29 51 99 66 1 24 12 55 71 13 21 50 88 16 46 86 65 83 79
TEST 123 ARG:35 62 0 5 52 60 80 68 9 77 10 85 94 75 2 63 8 49 82 7 93 3 45 97 72 23 87 19 96 18 42 11 38 34 90 44 92 26 89 95 57 59 74 20 67 54 81 56 47 6 37 40 69 70 28 33 30 17 4 31 76 32 53 84 41 91 14 78 73 22 98 64 27 58 36 39 48 25 61 15 43 29 51 99 66 1 24 12 55 71 13 21 50 88 16 46 86 65 83 79
TEST 124 ARG:10 16 74 48 57 2 18 96 20 0 97 66 84 98 11 3 95 5 30 21 27 73 61 81 4 91 37 71 79 99 78 63 12 1 76 67 58 15 28 39 35 68 46 93 85 64 80 45 70 60 17 72 22 87 6 94 23 92 14 75 33 31 38 55 36 86 24 44 50 53 8 90 49 51 29 89 25 42 83 40 32 62 47 9 43 56 52 82 7 65 41 59 69 54 34 26 77 88 13 19
TEST 124 ARG:10 16 74 48 57 2 18 96 20 0 97 66 84 98 11 3 95 5 30 21 27 73 61 81 4 91 37 71 79 99 78 63 12 1 76 67 58 15 28 39 35 68 46 93 85 64 80 45 70 60 17 72 22 87 6 94 23 92 14 75 33 31 38 55 36 86 24 44 50 53 8 90 49 51 29 89 25 42 83 40 32 62 47 9 43 56 52 82 7 65 41 59 69 54 34 26 77 88 13 19
TEST 125 ARG:10 89 5 3 41 74 81 56 71 2 66 36 55 44 37 8 42 54 16 60 75 11 48 88 47 19 80 13 63 15 30 18 96 64 24 43 0 91 92 49 61 46 45 27 20 99 35 23 90 57 70 76 12 29 97 40 98 50 51 85 79 9 73 14 83 94 86 77 62 34 87 68 31 59 65 7 38 28 72 69 84 25 32 33 78 67 1 93 26 17 82 52 21 53 95 6 4 22 39 58
TEST 125 ARG:10 89 5 3 41 74 81 56 71 2 66 36 55 44 37 8 42 54 16 60 75 11 48 88 47 19 80 13 63 15 30 18 96 64 24 43 0 91 92 49 61 46 45 27 20 99 35 23 90 57 70 76 12 29 97 40 98 50 51 85 79 9 73 14 83 94 86 77 62 34 87 68 31 59 65 7 38 28 72 69 84 25 32 33 78 67 1 93 26 17 82 52 21 53 95 6 4 22 39 58
TEST 126 ARG:38 85 95 92 26 90 36 16 81 59 29 43 91 55 57 72 96 44 71 5 49 97 65 62 24 69 86 17 45 98 74 31 8 2 42 82 23 63 88 7 6 47 30 94 50 15 87 34 53 12 68 20 25 66 60 83 64 14 79 4 46 27 99 19 80 75 70 93 39 89 56 40 18 21 28 76 78 11 9 51 84 41 35 1 48 3 54 73 10 32 58 33 13 37 77 61 22 52 67 0
TEST 126 ARG:38 85 95 92 26 90 36 16 81 59 29 43 91 55 57 72 96 44 71 5 49 97 65 62 24 69 86 17 45 98 74 31 8 2 42 82 23 63 88 7 6 47 30 94 50 15 87 34 53 12 68 20 25 66 60 83 64 14 79 4 46 27 99 19 80 75 70 93 39 89 56 40 18 21 28 76 78 11 9 51 84 41 35 1 48 3 54 73 10 32 58 33 13 37 77 61 22 52 67 0
TEST 127 ARG:40 67 17 58 74 22 63 20 43 94 53 93 78 15 31 96 49 64 30 71 4 50 0 61 28 34 13 3 77 68 25 11 41 5 62 46 33 47 23 38 80 24 6 32 91 57 88 42 21 79 65 7 18 37 66 76 39 85 70 54 89 51 83 86 90 9 16 60 87 36 97 75 12 55 14 56 2 10 98 95 26 44 81 19 92 59 52 82 29 48 72 8 73 69 1 35 27 84 99 45
TEST 127 ARG:40 67 17 58 74 22 63 20 43 94 53 93 78 15 31 96 49 64 30 71 4 50 0 61 28 34 13 3 77 68 25 11 41 5 62 46 33 47 23 38 80 24 6 32 91 57 88 42 21 79 65 7 18 37 66 76 39 85 70 54 89 51 83 86 90 9 16 60 87 36 97 75 12 55 14 56 2 10 98 95 26 44 81 19 92 59 52 82 29 48 72 8 73 69 1 35 27 84 99 45
TEST 128 ARG:32 67 27 0 28 55 33 85 72 74 34 80 91 6 77 35 12 50 15 3 29 69 37 26 65 36 90 41 54 44 58 96 21 97 43 88 40 39 23 82 76 81 48 24 10 89 19 18 84 1 92 13 99 52 75 95 4 68 11 70 53 47 59 38 25 5 83 94 14 46 93 57 20 66 56 45 30 9 16 61 62 60 22 86 78 8 87 31 51 71 2 49 64 63 73 79 7 42 17 98
TEST 128 ARG:32 67 27 0 28 55 33 85 72 74 34 80 91 6 77 35 12 50 15 3 29 69 37 26 65 36 90 41 54 44 58 96 21 97 43 88 40 39 23 82 76 81 48 24 10 89 19 18 84 1 92 13 99 52 75 95 4 68 11 70 53 47 59 38 25 5 83 94 14 46 93 57 20 66 56 45 30 9 16 61 62 60 22 86 78 8 87 31 51 71 2 49 64 63 73 79 7 42 17 98
TEST 129 ARG:28 6 43 77 57 49 97 17 99 64 85 40 95 76 10 88 90 80 14 67 27 74 71 31 63 84 73 25 87 39 44 30 32 55 78 96 20 42 38 79 22 81 21 12 92 52 33 61 18 93 1 94 59 24 8 36 56 47 75 3 26 86 11 70 98 41 69 34 60 4 54 46 68 89 15 91 53 58 50 7 48 19 37 9 72 2 65 16 83 82 29 62 5 23 51 35 0 66 45 13
TEST 129 ARG:28 6 43 77 57 49 97 17 99 64 85 40 95 76 10 88 90 80 14 67 27 74 71 31 63 84 73 25 87 39 44 30 32 55 78 96 20 42 38 79 22 81 21 12 92 52 33 61 18 93 1 94 59 24 8 36 56 47 75 3 26 86 11 70 98 41 69 34 60 4 54 46 68 89 15 91 53 58 50 7 48 19 37 9 72 2 65 16 83 82 29 62 5 23 51 35 0 66 45 13
TEST 130 ARG:79 83 60 70 10 2 62 88 21 96 6 43 56 95 94 86 32 26 72 98 53 66 76 8 80 84 91 78 54 15 28 19 1 52 77 99 73 39 7 42 85 57 38 40 58 82 87 90 18 23 51 64 47 24 9 0 55 49 33 46 5 89 17 93 69 11 4 27 36 68 22 13 25 50 71 12 14 34 75 65 63 67 97 92 61 3 35 59 16 41 48 45 20 74 81 37 31 30 29 44
TEST 130 ARG:79 83 60 70 10 2 62 88 21 96 6 43 56 95 94 86 32 26 72 98 53 66 76 8 80 84 91 78 54 15 28 19 1 52 77 99 73 39 7 42 85 57 38 40 58 82 87 90 18 23 51 64 47 24 9 0 55 49 33 46 5 89 17 93 69 11 4 27 36 68 22 13 25 50 71 12 14 34 75 65 63 67 97 92 61 3 35 59 16 41 48 45 20 74 81 37 31 30 29 44
TEST 131 ARG:55 29 34 77 7 64 28 14 2 67 78 65 15 37 40 76 47 13 35 20 26 21 22 25 68 31 57 93 23 91 66 61 12 1 99 88 11 81 92 9 69 98 84 27 59 90 63 80 44 79 18 83 8 96 95 3 48 72 30 24 94 17 50 51 58 85 42 33 38 54 97 52 46 36 62 32 56 53 73 4 5 89 45 71 19 39 87 41 70 82 75 0 6 86 60 10 74 43 49 16
TEST 131 ARG:55 29 34 77 7 64 28 14 2 67 78 65 15 37 40 76 47 13 35 20 26 21 22 25 68 31 57 93 23 91 66 61 12 1 99 88 11 81 92 9 69 98 84 27 59 90 63 80 44 79 18 83 8 96 95 3 48 72 30 24 94 17 50 51 58 85 42 33 38 54 97 52 46 36 62 32 56 53 73 4 5 89 45 71 19 39 87 41 70 82 75 0 6 86 60 10 74 43 49 16
TEST 132 ARG:11 46 29 35 3 60 82 27 87 80 44 51 14 0 43 72 4 69 57 61 76 88 71 83 22 97 23 68 94 54 49 47 28 1 53 30 73 67 84 81 19 59 33 32 2 86 52 79 38 48 85 78 62 98 31 75 64 99 42 17 91 39 9 15 50 92 63 24 7 18 16 66 77 5 37 41 93 25 26 70 56 6 8 58 36 10 20 13 90 95 89 96 55 74 12 40 65 34 45 21
TEST 132 ARG:11 46 29 35 3 60 82 27 87 80 44 51 14 0 43 72 4 69 57 61 76 88 71 83 22 97 23 68 94 54 49 47 28 1 53 30 73 67 84 81 19 59 33 32 2 86 52 79 38 48 85 78 62 98 31 75 64 99 42 17 91 39 9 15 50 92 63 24 7 18 16 66 77 5 37 41 93 25 26 70 56 6 8 58 36 10 20 13 90 95 89 96 55 74 12 40 65 34 45 21
TEST 133 ARG:65 66 98 36 97 85 82 33 18 37 45 87 24 93 90 30 61 50 88 48 2 72 35 54 19 16 47 21 13 14 23 86 28 29 71 49 1 40 34 10 96 27 25 59 43 76 51 38 91 89 69 46 77 15 62 53 58 5 73 60 52 32 74 6 22 80 56 55 42 41 7 0 92 12 79 95 20 99 3 94 63 26 9 68 8 70 57 78 67 81 84 39 4 83 75 44 11 64 17 31
TEST 133 ARG:65 66 98 36 97 85 82 33 18 37 45 87 24 93 90 30 61 50 88 48 2 72 35 54 19 16 47 21 13 14 23 86 28 29 71 49 1 40 34 10 96 27 25 59 43 76 51 38 91 89 69 46 77 15 62 53 58 5 73 60 52 32 74 6 22 80 56 55 42 41 7 0 92 12 79 95 20 99 3 94 63 26 9 68 8 70 57 78 67 81 84 39 4 83 75 44 11 64 17 31
TEST 134 ARG:7 85 67 64 41 15 31 79 12 61 89 49 27 84 72 82 56 16 18 70 2 50 9 78 76 42 48 98 57 39 5 55 28 38 90 3 96 43 11 52 4 24 60 59 22 83 33 0 47 32 1 73 21 34 91 92 95 68 63 77 45 99 26 97 94 71 74 81 14 13 37 19 93 65 44 86 36 88 69 87 25 80 53 51 75 17 20 35 6 58 54 10 46 62 8 23 66 30 40 29
TEST 134 ARG:7 85 67 64 41 15 31 79 12 61 89 49 27 84 72 82 56 16 18 70 2 50 9 78 76 42 48 98 57 39 5 55 28 38 90 3 96 43 11 52 4 24 60 59 22 83 33 0 47 32 1 73 21 34 91 92 95 68 63 77 45 99 26 97 94 71 74 81 14 13 37 19 93 65 44 86 36 88 69 87 25 80 53 51 75 17 20 35 6 58 54 10 46 62 8 23 66 30 40 29
TEST 135 ARG:58 70 69 33 34 77 49 73 63 51 75 66 28 61 91 22 86 8 56 55 71 93 45 23 68 96 85 19 62 30 31 21 53 46 40 84 44 90 4 0 42 54 26 72 13 76 18 99 10 12 81 98 25 89 57 2 1 29 16 74 79 17 95 48 59 83 14 39 65 52 88 41 5 43 82 67 47 38 50 11 27 92 35 32 24 78 36 64 9 37 20 94 6 87 3 60 7 80 97 15
TEST 135 ARG:58 70 69 33 34 77 49 73 63 51 75 66 28 61 91 22 86 8 56 55 71 93 45 23 68 96 85 19 62 30 31 21 53 46 40 84 44 90 4 0 42 54 26 72 13 76 18 99 10 12 81 98 25 89 57 2 1 29 16 74 79 17 95 48 59 83 14 39 65 52 88 41 5 43 82 67 47 38 50 11 27 92 35 32 24 78 36 64 9 37 20 94 6 87 3 60 7 80 97 15
TEST 136 ARG:2 97 72 25 91 59 16 82 63 9 20 49 23 37 65 17 13 70 0 78 73 57 12 48 99 8 29 10 46 74 71 35 96 55 51 5 22 92 54 33 32 76 58 95 88 28 94 24 68 27 67 50 66 18 85 75 52 19 53 69 39 84 14 83 30 47 11 42 44 38 79 31 45 41 87 3 21 60 6 81 43 40 61 98 7 1 93 62 36 86 89 90 15 34 64 56 77 4 26 80
TEST 136 ARG:2 97 72 25 91 59 16 82 63 9 20 49 23 37 65 17 13 70 0 78 73 57 12 48 99 8 29 10 46 74 71 35 96 55 51 5 22 92 54 33 32 76 58 95 88 28 94 24 68 27 67 50 66 18 85 75 52 19 53 69 39 84 14 83 30 47 11 42 44 38 79 31 45 41 87 3 21 60 6 81 43 40 61 98 7 1 93 62 36 86 89 90 15 34 64 56 77 4 26 80
TEST 137 ARG:7 41 82 21 14 38 87 18 63 43 19 88 1 32 59 37 92 89 95 4 96 98 70 54 42 3 81 85 24 74 60 16 29 39 72 58 10 56 17 8 78 80 31 68 97 71 45 99 90 50 57 91 51 77 33 61 67 40 9 48 73 65 75 13 86 46 49 64 23 5 94 44 83 69 55 12 22 27 11 93 26 6 2 62 35 53 52 28 66 76 79 20 84 0 25 15 47 36 34 30
TEST 137 ARG:7 41 82 21 14 38 87 18 63 43 19 88 1 32 59 37 92 89 95 4 96 98 70 54 42 3 81 85 24 74 60 16 29 39 72 58 10 56 17 8 78 80 31 68 97 71 45 99 90 50 57 91 51 77 33 61 67 40 9 48 73 65 75 13 86 46 49 64 23 5 94 44 83 69 55 12 22 27 11 93 26 6 2 62 35 53 52 28 66 76 79 20 84 0 25 15 47 36 34 30
TEST 138 ARG:79 13 70 51 92 43 97 85 38 78 77 31 2 82 54 87 32 5 1 7 50 8 33 74 36 21 83 47 91 63 16 89 19 14 56 34 93 9 28 41 29 17 57 67 80 98 20 35 11 75 88 18 66 60 25 84 6 59 48 81 86 12 68 39 0 10 45 53 55 42 95 90 94 30 44 69 76 58 37 46 62 22 27 64 72 99 24 15 96 23 3 73 49 4 61 52 65 26 40 71
TEST 138 ARG:79 13 70 51 92 43 97 85 38 78 77 31 2 82 54 87 32 5 1 7 50 8 33 74 36 21 83 47 91 63 16 89 19 14 56 34 93 9 28 41 29 17 57 67 80 98 20 35 11 75 88 18 66 60 25 84 6 59 48 81 86 12 68 39 0 10 45 53 55 42 95 90 94 30 44 69 76 58 37 46 62 22 27 64 72 99 24 15 96 23 3 73 49 4 61 52 65 26 40 71
TEST 139 ARG:32 78 25 33 96 12 84 93 40 14 71 46 75 36 80 5 23 56 98 85 64 49 61 8 74 94 67 39 51 22 70 91 35 26 54 19 4 53 65 92 34 82 43 48 30 47 27 37 58 60 20 2 7 9 62 42 77 88 63 38 17 10 52 28 16 68 41 13 6 18 69 89 31 86 66 11 55 87 29 90 99 24 0 57 3 97 45 72 81 76 95 21 50 73 44 79 59 1 15 83
TEST 139 ARG:32 78 25 33 96 12 84 93 40 14 71 46 75 36 80 5 23 56 98 85 64 49 61 8 74 94 67 39 51 22 70 91 35 26 54 19 4 53 65 92 34 82 43 48 30 47 27 37 58 60 20 2 7 9 62 42 77 88 63 38 17 10 52 28 16 68 41 13 6 18 69 89 31 86 66 11 55 87 29 90 99 24 0 57 3 97 45 72 81 76 95 21 50 73 44 79 59 1 15 83
TEST 140 ARG:81 95 31 53 45 85 87 90 73 13 47 3 82 5 25 68 94 1 58 17 72 36 88 69 2 48 41 66 44 96 54 26 29 93 84 35 24 42 99 67 50 0 18 98 22 28 65 39 14 80 55 63 57 8 20 92 6 46 78 27 70 4 15 40 10 91 71 7 9 23 52 56 97 83 19 16 77 34 38 49 79 21 74 60 75 51 89 61 62 33 12 76 11 30 32 43 86 59 64 37
TEST 140 ARG:81 95 31 53 45 85 87 90 73 13 47 3 82 5 25 68 94 1 58 17 72 36 88 69 2 48 41 66 44 96 54 26 29 93 84 35 24 42 99 67 50 0 18 98 22 28 65 39 14 80 55 63 57 8 20 92 6 46 78 27 70 4 15 40 10 91 71 7 9 23 52 56 97 83 19 16 77 34 38 49 79 21 74 60 75 51 89 61 62 33 12 76 11 30 32 43 86 59 64 37
TEST 141 ARG:80 36 31 41 73 10 22 32 59 42 0 45 66 78 86 58 81 48 26 88 50 53 1 38 71 54 77 7 19 89 11 39 20 90 17 76 94 35 29 15 44 92 14 6 83 52 8 60 56 63 57 95 75 23 51 70 33 16 98 43 55 25 96 68 13 30 62 87 72 12 28 37 49 46 61 93 9 79 27 82 64 40 65 18 74 47 97 24 3 21 99 4 84 67 5 69 91 34 2 85
TEST 141 ARG:80 36 31 41 73 10 22 32 59 42 0 45 66 78 86 58 81 48 26 88 50 53 1 38 71 54 77 7 19 89 11 39 20 90 17 76 94 35 29 15 44 92 14 6 83 52 8 60 56 63 57 95 75 23 51 70 33 16 98 43 55 25 96 68 13 30 62 87 72 12 28 37 49 46 61 93 9 79 27 82 64 40 65 18 74 47 97 24 3 21 99 4 84 67 5 69 91 34 2 85
TEST 142 ARG:19 11 96 69 73 0 59 56 76 71 47 82 46 28 7 16 68 3 31 41 17 42 24 25 8 21 43 87 91 51 29 90 18 66 38 85 35 58 6 65 40 54 1 64 34 53 97 32 88 86 33 52 10 5 30 26 37 67 4 12 39 9 2 83 49 61 14 95 99 45 94 55 23 63 93 78 13 79 84 98 81 62 75 92 36 27 77 80 72 50 20 74 44 60 22 89 15 48 70 57
TEST 142 ARG:19 11 96 69 73 0 59 56 76 71 47 82 46 28 7 16 68 3 31 41 17 42 24 25 8 21 43 87 91 51 29 90 18 66 38 85 35 58 6 65 40 54 1 64 34 53 97 32 88 86 33 52 10 5 30 26 37 67 4 12 39 9 2 83 49 61 14 95 99 45 94 55 23 63 93 78 13 79 84 98 81 62 75 92 36 27 77 80 72 50 20 74 44 60 22 89 15 48 70 57
TEST 143 ARG:75 9 42 68 69 66 58 64 55 67 30 21 13 88 33 63 83 86 73 96 5 14 78 77 1 10 35 17 56 11 29 94 47 81 23 32 6 57 25 16 49 53 92 46 15 12 31 72 51 28 84 97 79 26 61 27 34 19 24 80 18 70 71 43 85 82 89 36 50 99 93 38 39 45 74 2 3 0 59 40 37 48 60 7 90 54 44 98 76 20 41 95 91 65 4 87 8 62 52 22
TEST 143 ARG:75 9 42 68 69 66 58 64 55 67 30 21 13 88 33 63 83 86 73 96 5 14 78 77 1 10 35 17 56 11 29 94 47 81 23 32 6 57 25 16 49 53 92 46 15 12 31 72 51 28 84 97 79 26 61 27 34 19 24 80 18 70 71 43 85 82 89 36 50 99 93 38 39 45 74 2 3 0 59 40 37 48 60 7 90 54 44 98 76 20 41 95 91 65 4 87 8 62 52 22
